12841689.0,0.0
12841690.0,0.0
12841691.0,0.0
12841692.0,0.0
12841693.0,0.0
12841694.0,0.0
12841695.0,0.0
12841696.0,0.0
12841697.0,0.0
12841698.0,0.0
12841699.0,0.0
12841700.0,0.0
12841701.0,0.0
12841702.0,0.0
12841703.0,0.0
12841704.0,0.0
12841705.0,0.0
12841706.0,0.0
12841707.0,0.0
12841708.0,0.0
12841709.0,0.0
12841710.0,0.0
12841711.0,0.0
12841712.0,0.0
12841713.0,0.0
12841714.0,0.0
12841715.0,0.0
12841716.0,0.0
12841717.0,0.0
12841718.0,0.0
12841719.0,0.0
12841720.0,0.0
12841721.0,0.0
12841722.0,0.0
12841723.0,0.0
12841724.0,0.0
12841725.0,0.0
12841726.0,0.0
12841727.0,0.0
12841728.0,0.0
12841729.0,0.0
12841730.0,0.0
12841731.0,0.0
12841732.0,0.0
12841733.0,0.0
12841734.0,0.0
12841735.0,0.0
12841736.0,0.0
12841737.0,0.0
12841738.0,0.0
12841739.0,0.0
12841740.0,0.0
12841741.0,0.0
12841742.0,0.0
12841743.0,0.0
12841744.0,0.0
12841745.0,0.0
12841746.0,0.0
12841747.0,0.0
12841748.0,0.0
12841749.0,0.0
12841750.0,0.0
12841751.0,0.0
12841752.0,0.0
12841753.0,0.0
12841754.0,0.0
12841755.0,0.0
12841756.0,0.0
12841757.0,0.0
12841758.0,0.0
12841759.0,0.0
12841760.0,0.0
12841761.0,0.0
12841762.0,0.0
12841763.0,0.0
12841764.0,0.0
12841765.0,0.0
12841766.0,0.0
12841767.0,0.0
12841768.0,0.0
12841769.0,0.0
12841770.0,0.0
12841771.0,0.0
12841772.0,0.0
12841773.0,0.0
12841774.0,0.0
12841775.0,0.0
12841776.0,0.0
12841777.0,0.0
12841778.0,0.0
12841779.0,0.0
12841780.0,0.0
12841781.0,0.0
12841782.0,0.0
12841783.0,0.0
12841784.0,0.0
12841785.0,0.0
12841786.0,0.0
12841787.0,0.0
12841788.0,0.0
12841789.0,0.0
12841790.0,0.0
12841791.0,0.0
12841792.0,0.0
12841793.0,0.0
12841794.0,0.0
12841795.0,0.0
12841796.0,0.0
12841797.0,0.0
12841798.0,0.0
12841799.0,0.0
12841800.0,0.0
12841801.0,0.0
12841802.0,0.0
12841803.0,0.0
12841804.0,0.0
12841805.0,0.0
12841806.0,0.0
12841807.0,0.0
12841808.0,0.0
12841809.0,0.0
12841810.0,0.0
12841811.0,0.0
12841812.0,0.0
12841813.0,0.0
12841814.0,0.0
12841815.0,0.0
12841816.0,0.0
12841817.0,0.0
12841818.0,0.0
12841819.0,0.0
12841820.0,0.0
12841821.0,0.0
12841822.0,0.0
12841823.0,0.0
12841824.0,0.0
12841825.0,0.0
12841826.0,0.0
12841827.0,0.0
12841828.0,0.0
12841829.0,0.0
12841830.0,0.0
12841831.0,0.0
12841832.0,0.0
12841833.0,0.0
12841834.0,0.0
12841835.0,0.0
12841836.0,0.0
12841837.0,0.0
12841838.0,0.0
12841839.0,0.0
12841840.0,0.0
12841841.0,0.0
12841842.0,0.0
12841843.0,0.0
12841844.0,0.0
12841845.0,0.0
12841846.0,0.0
12841847.0,0.0
12841848.0,0.0
12841849.0,0.0
12841850.0,0.0
12841851.0,0.0
12841852.0,0.0
12841853.0,0.0
12841854.0,0.0
12841855.0,0.0
12841856.0,0.0
12841857.0,0.0
12841858.0,0.0
12841859.0,0.0
12841860.0,0.0
12841861.0,0.0
12841862.0,0.0
12841863.0,0.0
12841864.0,0.0
12841865.0,0.0
12841866.0,0.0
12841867.0,0.0
12841868.0,0.0
12841869.0,0.0
12841870.0,0.0
12841871.0,0.0
12841872.0,0.0
12841873.0,0.0
12841874.0,0.0
12841875.0,0.0
12841876.0,0.0
12841877.0,0.0
12841878.0,0.0
12841879.0,0.0
12841880.0,0.0
12841881.0,0.0
12841882.0,0.0
12841883.0,0.0
12841884.0,0.0
12841885.0,0.0
12841886.0,0.0
12841887.0,0.0
12841888.0,0.0
12841889.0,0.0
12841890.0,0.0
12841891.0,0.0
12841892.0,0.0
12841893.0,0.0
12841894.0,0.0
12841895.0,0.0
12841896.0,0.0
12841897.0,0.0
12841898.0,0.0
12841899.0,0.0
12841900.0,0.0
12841901.0,0.0
12841902.0,0.0
12841903.0,0.0
12841904.0,0.0
12841905.0,0.0
12841906.0,0.0
12841907.0,0.0
12841908.0,0.0
12841909.0,0.0
12841910.0,0.0
12841911.0,0.0
12841912.0,0.0
12841913.0,0.0
12841914.0,0.0
12841915.0,0.0
12841916.0,0.0
12841917.0,0.0
12841918.0,0.0
12841919.0,0.0
12841920.0,0.0
12841921.0,0.0
12841922.0,0.0
12841923.0,0.0
12841924.0,0.0
12841925.0,0.0
12841926.0,0.0
12841927.0,0.0
12841928.0,0.0
12841929.0,0.0
12841930.0,0.0
12841931.0,0.0
12841932.0,0.0
12841933.0,0.0
12841934.0,0.0
12841935.0,0.0
12841936.0,0.0
12841937.0,0.0
12841938.0,0.0
12841939.0,0.0
12841940.0,0.0
12841941.0,0.0
12841942.0,0.0
12841943.0,0.0
12841944.0,0.0
12841945.0,0.0
12841946.0,0.0
12841947.0,0.0
12841948.0,0.0
12841949.0,0.0
12841950.0,0.0
12841951.0,0.0
12841952.0,0.0
12841953.0,0.0
12841954.0,0.0
12841955.0,0.0
12841956.0,0.0
12841957.0,0.0
12841958.0,0.0
12841959.0,0.0
12841960.0,0.0
12841961.0,0.0
12841962.0,0.0
12841963.0,0.0
12841964.0,0.0
12841965.0,0.0
12841966.0,0.0
12841967.0,0.0
12841968.0,0.0
12841969.0,0.0
12841970.0,0.0
12841971.0,0.0
12841972.0,0.0
12841973.0,0.0
12841974.0,0.0
12841975.0,0.0
12841976.0,0.0
12841977.0,0.0
12841978.0,0.0
12841979.0,0.0
12841980.0,0.0
12841981.0,0.0
12841982.0,0.0
12841983.0,0.0
12841984.0,0.0
12841985.0,0.0
12841986.0,0.0
12841987.0,0.0
12841988.0,0.0
12841989.0,0.0
12841990.0,0.0
12841991.0,0.0
12841992.0,0.0
12841993.0,0.0
12841994.0,0.0
12841995.0,0.0
12841996.0,0.0
12841997.0,0.0
12841998.0,0.0
12841999.0,0.0
12842000.0,0.0
12842001.0,0.0
12842002.0,0.0
12842003.0,0.0
12842004.0,0.0
12842005.0,0.0
12842006.0,0.0
12842007.0,0.0
12842008.0,0.0
12842009.0,0.0
12842010.0,0.0
12842011.0,0.0
12842012.0,0.0
12842013.0,0.0
12842014.0,0.0
12842015.0,0.0
12842016.0,0.0
12842017.0,0.0
12842018.0,0.0
12842019.0,0.0
12842020.0,0.0
12842021.0,0.0
12842022.0,0.0
12842023.0,0.0
12842024.0,0.0
12842025.0,0.0
12842026.0,0.0
12842027.0,0.0
12842028.0,0.0
12842029.0,0.0
12842030.0,0.0
12842031.0,0.0
12842032.0,0.0
12842033.0,0.0
12842034.0,0.0
12842035.0,0.0
12842036.0,0.0
12842037.0,0.0
12842038.0,0.0
12842039.0,0.0
12842040.0,0.0
12842041.0,0.0
12842042.0,0.0
12842043.0,0.0
12842044.0,0.0
12842045.0,0.0
12842046.0,0.0
12842047.0,0.0
12842048.0,0.0
12842049.0,0.0
12842050.0,0.0
12842051.0,0.0
12842052.0,0.0
12842053.0,0.0
12842054.0,0.0
12842055.0,0.0
12842056.0,0.0
12842057.0,0.0
12842058.0,0.0
12842059.0,0.0
12842060.0,0.0
12842061.0,0.0
12842062.0,0.0
12842063.0,0.0
12842064.0,0.0
12842065.0,0.0
12842066.0,0.0
12842067.0,0.0
12842068.0,0.0
12842069.0,0.0
12842070.0,0.0
12842071.0,0.0
12842072.0,0.0
12842073.0,0.0
12842074.0,0.0
12842075.0,0.0
12842076.0,0.0
12842077.0,0.0
12842078.0,0.0
12842079.0,0.0
12842080.0,0.0
12842081.0,0.0
12842082.0,0.0
12842083.0,0.0
12842084.0,0.0
12842085.0,0.0
12842086.0,0.0
12842087.0,0.0
12842088.0,0.0
12842089.0,0.0
12842090.0,0.0
12842091.0,0.0
12842092.0,0.0
12842093.0,0.0
12842094.0,0.0
12842095.0,0.0
12842096.0,0.0
12842097.0,0.0
12842098.0,0.0
12842099.0,0.0
12842100.0,0.0
12842101.0,0.0
12842102.0,0.0
12842103.0,0.0
12842104.0,0.0
12842105.0,0.0
12842106.0,0.0
12842107.0,0.0
12842108.0,0.0
12842109.0,0.0
12842110.0,0.0
12842111.0,0.0
12842112.0,0.0
12842113.0,0.0
12842114.0,0.0
12842115.0,0.0
12842116.0,0.0
12842117.0,0.0
12842118.0,0.0
12842119.0,0.0
12842120.0,0.0
12842121.0,0.0
12842122.0,0.0
12842123.0,0.0
12842124.0,0.0
12842125.0,0.0
12842126.0,0.0
12842127.0,0.0
12842128.0,0.0
12842129.0,0.0
12842130.0,0.0
12842131.0,0.0
12842132.0,0.0
12842133.0,0.0
12842134.0,0.0
12842135.0,0.0
12842136.0,0.0
12842137.0,0.0
12842138.0,0.0
12842139.0,0.0
12842140.0,0.0
12842141.0,0.0
12842142.0,0.0
12842143.0,0.0
12842144.0,0.0
12842145.0,0.0
12842146.0,0.0
12842147.0,0.0
12842148.0,0.0
12842149.0,0.0
12842150.0,0.0
12842151.0,0.0
12842152.0,0.0
12842153.0,0.0
12842154.0,0.0
12842155.0,0.0
12842156.0,0.0
12842157.0,0.0
12842158.0,0.0
12842159.0,0.0
12842160.0,0.0
12842161.0,0.0
12842162.0,0.0
12842163.0,0.0
12842164.0,0.0
12842165.0,0.0
12842166.0,0.0
12842167.0,0.0
12842168.0,0.0
12842169.0,0.0
12842170.0,0.0
12842171.0,0.0
12842172.0,0.0
12842173.0,0.0
12842174.0,0.0
12842175.0,0.0
12842176.0,0.0
12842177.0,0.0
12842178.0,0.0
12842179.0,0.0
12842180.0,0.0
12842181.0,0.0
12842182.0,0.0
12842183.0,0.0
12842184.0,0.0
12842185.0,0.0
12842186.0,0.0
12842187.0,0.0
12842188.0,0.0
12842189.0,0.0
12842190.0,0.0
12842191.0,0.0
12842192.0,0.0
12842193.0,0.0
12842194.0,0.0
12842195.0,0.0
12842196.0,0.0
12842197.0,0.0
12842198.0,0.0
12842199.0,0.0
12842200.0,0.0
12842201.0,0.0
12842202.0,0.0
12842203.0,0.0
12842204.0,0.0
12842205.0,0.0
12842206.0,0.0
12842207.0,0.0
12842208.0,0.0
12842209.0,0.0
12842210.0,0.0
12842211.0,0.0
12842212.0,0.0
12842213.0,0.0
12842214.0,0.0
12842215.0,0.0
12842216.0,0.0
12842217.0,0.0
12842218.0,0.0
12842219.0,0.0
12842220.0,0.0
12842221.0,0.0
12842222.0,0.0
12842223.0,0.0
12842224.0,0.0
12842225.0,0.0
12842226.0,0.0
12842227.0,0.0
12842228.0,0.0
12842229.0,0.0
12842230.0,0.0
12842231.0,0.0
12842232.0,0.0
12842233.0,0.0
12842234.0,0.0
12842235.0,0.0
12842236.0,0.0
12842237.0,0.0
12842238.0,0.0
12842239.0,0.0
12842240.0,0.0
12842241.0,0.0
12842242.0,0.0
12842243.0,0.0
12842244.0,0.0
12842245.0,0.0
12842246.0,0.0
12842247.0,0.0
12842248.0,0.0
12842249.0,0.0
12842250.0,0.0
12842251.0,0.0
12842252.0,0.0
12842253.0,0.0
12842254.0,0.0
12842255.0,0.0
12842256.0,0.0
12842257.0,0.0
12842258.0,0.0
12842259.0,0.0
12842260.0,0.0
12842261.0,0.0
12842262.0,0.0
12842263.0,0.0
12842264.0,0.0
12842265.0,0.0
12842266.0,0.0
12842267.0,0.0
12842268.0,0.0
12842269.0,0.0
12842270.0,0.0
12842271.0,0.0
12842272.0,0.0
12842273.0,0.0
12842274.0,0.0
12842275.0,0.0
12842276.0,0.0
12842277.0,0.0
12842278.0,0.0
12842279.0,0.0
12842280.0,0.0
12842281.0,0.0
12842282.0,0.0
12842283.0,0.0
12842284.0,0.0
12842285.0,0.0
12842286.0,0.0
12842287.0,0.0
12842288.0,0.0
12842289.0,0.0
12842290.0,0.0
12842291.0,0.0
12842292.0,0.0
12842293.0,0.0
12842294.0,0.0
12842295.0,0.0
12842296.0,0.0
12842297.0,0.0
12842298.0,0.0
12842299.0,0.0
12842300.0,0.0
12842301.0,0.0
12842302.0,0.0
12842303.0,0.0
12842304.0,0.0
12842305.0,0.0
12842306.0,0.0
12842307.0,0.0
12842308.0,0.0
12842309.0,0.0
12842310.0,0.0
12842311.0,0.0
12842312.0,0.0
12842313.0,0.0
12842314.0,0.0
12842315.0,0.0
12842316.0,0.0
12842317.0,0.0
12842318.0,0.0
12842319.0,0.0
12842320.0,0.0
12842321.0,0.0
12842322.0,0.0
12842323.0,0.0
12842324.0,0.0
12842325.0,0.0
12842326.0,0.0
12842327.0,0.0
12842328.0,0.0
12842329.0,0.0
12842330.0,0.0
12842331.0,0.0
12842332.0,0.0
12842333.0,0.0
12842334.0,0.0
12842335.0,0.0
12842336.0,0.0
12842337.0,0.0
12842338.0,0.0
12842339.0,0.0
12842340.0,0.0
12842341.0,0.0
12842342.0,0.0
12842343.0,0.0
12842344.0,0.0
12842345.0,0.0
12842346.0,0.0
12842347.0,0.0
12842348.0,0.0
12842349.0,0.0
12842350.0,0.0
12842351.0,0.0
12842352.0,0.0
12842353.0,0.0
12842354.0,0.0
12842355.0,0.0
12842356.0,0.0
12842357.0,0.0
12842358.0,0.0
12842359.0,0.0
12842360.0,0.0
12842361.0,0.0
12842362.0,0.0
12842363.0,0.0
12842364.0,0.0
12842365.0,0.0
12842366.0,0.0
12842367.0,0.0
12842368.0,0.0
12842369.0,0.0
12842370.0,0.0
12842371.0,0.0
12842372.0,0.0
12842373.0,0.0
12842374.0,0.0
12842375.0,0.0
12842376.0,0.0
12842377.0,0.0
12842378.0,0.0
12842379.0,0.0
12842380.0,0.0
12842381.0,0.0
12842382.0,0.0
12842383.0,0.0
12842384.0,0.0
12842385.0,0.0
12842386.0,0.0
12842387.0,0.0
12842388.0,0.0
12842389.0,0.0
12842390.0,0.0
12842391.0,0.0
12842392.0,0.0
12842393.0,0.0
12842394.0,0.0
12842395.0,0.0
12842396.0,0.0
12842397.0,0.0
12842398.0,0.0
12842399.0,0.0
12842400.0,0.0
12842401.0,0.0
12842402.0,0.0
12842403.0,0.0
12842404.0,0.0
12842405.0,0.0
12842406.0,0.0
12842407.0,0.0
12842408.0,0.0
12842409.0,0.0
12842410.0,0.0
12842411.0,0.0
12842412.0,0.0
12842413.0,0.0
12842414.0,0.0
12842415.0,0.0
12842416.0,0.0
12842417.0,0.0
12842418.0,0.0
12842419.0,0.0
12842420.0,0.0
12842421.0,0.0
12842422.0,0.0
12842423.0,0.0
12842424.0,0.0
12842425.0,0.0
12842426.0,0.0
12842427.0,0.0
12842428.0,0.0
12842429.0,0.0
12842430.0,0.0
12842431.0,0.0
12842432.0,0.0
12842433.0,0.0
12842434.0,0.0
12842435.0,0.0
12842436.0,0.0
12842437.0,0.0
12842438.0,0.0
12842439.0,0.0
12842440.0,0.0
12842441.0,0.0
12842442.0,0.0
12842443.0,0.0
12842444.0,0.0
12842445.0,0.0
12842446.0,0.0
12842447.0,0.0
12842448.0,0.0
12842449.0,0.0
12842450.0,0.0
12842451.0,0.0
12842452.0,0.0
12842453.0,0.0
12842454.0,0.0
12842455.0,0.0
12842456.0,0.0
12842457.0,0.0
12842458.0,0.0
12842459.0,0.0
12842460.0,0.0
12842461.0,0.0
12842462.0,0.0
12842463.0,0.0
12842464.0,0.0
12842465.0,0.0
12842466.0,0.0
12842467.0,0.0
12842468.0,0.0
12842469.0,0.0
12842470.0,0.0
12842471.0,0.0
12842472.0,0.0
12842473.0,0.0
12842474.0,0.0
12842475.0,0.0
12842476.0,0.0
12842477.0,0.0
12842478.0,0.0
12842479.0,0.0
12842480.0,0.0
12842481.0,0.0
12842482.0,0.0
12842483.0,0.0
12842484.0,0.0
12842485.0,0.0
12842486.0,0.0
12842487.0,0.0
12842488.0,0.0
12842489.0,0.0
12842490.0,0.0
12842491.0,0.0
12842492.0,0.0
12842493.0,0.0
12842494.0,0.0
12842495.0,0.0
12842496.0,0.0
12842497.0,0.0
12842498.0,0.0
12842499.0,0.0
12842500.0,0.0
12842501.0,0.0
12842502.0,0.0
12842503.0,0.0
12842504.0,0.0
12842505.0,0.0
12842506.0,0.0
12842507.0,0.0
12842508.0,0.0
12842509.0,0.0
12842510.0,0.0
12842511.0,0.0
12842512.0,0.0
12842513.0,0.0
12842514.0,0.0
12842515.0,0.0
12842516.0,0.0
12842517.0,0.0
12842518.0,0.0
12842519.0,0.0
12842520.0,0.0
12842521.0,0.0
12842522.0,0.0
12842523.0,0.0
12842524.0,0.0
12842525.0,0.0
12842526.0,0.0
12842527.0,0.0
12842528.0,0.0
12842529.0,0.0
12842530.0,0.0
12842531.0,0.0
12842532.0,0.0
12842533.0,0.0
12842534.0,0.0
12842535.0,0.0
12842536.0,0.0
12842537.0,0.0
12842538.0,0.0
12842539.0,0.0
12842540.0,0.0
12842541.0,0.0
12842542.0,0.0
12842543.0,0.0
12842544.0,0.0
12842545.0,0.0
12842546.0,0.0
12842547.0,0.0
12842548.0,0.0
12842549.0,0.0
12842550.0,0.0
12842551.0,0.0
12842552.0,0.0
12842553.0,0.0
12842554.0,0.0
12842555.0,0.0
12842556.0,0.0
12842557.0,0.0
12842558.0,0.0
12842559.0,0.0
12842560.0,0.0
12842561.0,0.0
12842562.0,0.0
12842563.0,0.0
12842564.0,0.0
12842565.0,0.0
12842566.0,0.0
12842567.0,0.0
12842568.0,0.0
12842569.0,0.0
12842570.0,0.0
12842571.0,0.0
12842572.0,0.0
12842573.0,0.0
12842574.0,0.0
12842575.0,0.0
12842576.0,0.0
12842577.0,0.0
12842578.0,0.0
12842579.0,0.0
12842580.0,0.0
12842581.0,0.0
12842582.0,0.0
12842583.0,0.0
12842584.0,0.0
12842585.0,0.0
12842586.0,0.0
12842587.0,0.0
12842588.0,0.0
12842589.0,0.0
12842590.0,0.0
12842591.0,0.0
12842592.0,0.0
12842593.0,0.0
12842594.0,0.0
12842595.0,0.0
12842596.0,0.0
12842597.0,0.0
12842598.0,0.0
12842599.0,0.0
12842600.0,0.0
12842601.0,0.0
12842602.0,0.0
12842603.0,0.0
12842604.0,0.0
12842605.0,0.0
12842606.0,0.0
12842607.0,0.0
12842608.0,0.0
12842609.0,0.0
12842610.0,0.0
12842611.0,0.0
12842612.0,0.0
12842613.0,0.0
12842614.0,0.0
12842615.0,0.0
12842616.0,0.0
12842617.0,0.0
12842618.0,0.0
12842619.0,0.0
12842620.0,0.0
12842621.0,0.0
12842622.0,0.0
12842623.0,0.0
12842624.0,0.0
12842625.0,0.0
12842626.0,0.0
12842627.0,0.0
12842628.0,0.0
12842629.0,0.0
12842630.0,0.0
12842631.0,0.0
12842632.0,0.0
12842633.0,0.0
12842634.0,0.0
12842635.0,0.0
12842636.0,0.0
12842637.0,0.0
12842638.0,0.0
12842639.0,0.0
12842640.0,0.0
12842641.0,0.0
12842642.0,0.0
12842643.0,0.0
12842644.0,0.0
12842645.0,0.0
12842646.0,0.0
12842647.0,0.0
12842648.0,0.0
12842649.0,0.0
12842650.0,0.0
12842651.0,0.0
12842652.0,0.0
12842653.0,0.0
12842654.0,0.0
12842655.0,0.0
12842656.0,0.0
12842657.0,0.0
12842658.0,0.0
12842659.0,0.0
12842660.0,0.0
12842661.0,0.0
12842662.0,0.0
12842663.0,0.0
12842664.0,0.0
12842665.0,0.0
12842666.0,0.0
12842667.0,0.0
12842668.0,0.0
12842669.0,0.0
12842670.0,0.0
12842671.0,0.0
12842672.0,0.0
12842673.0,0.0
12842674.0,0.0
12842675.0,0.0
12842676.0,0.0
12842677.0,0.0
12842678.0,0.0
12842679.0,0.0
12842680.0,0.0
12842681.0,0.0
12842682.0,0.0
12842683.0,0.0
12842684.0,0.0
12842685.0,0.0
12842686.0,0.0
12842687.0,0.0
12842688.0,0.0
12842689.0,0.0
12842690.0,0.0
12842691.0,0.0
12842692.0,0.0
12842693.0,0.0
12842694.0,0.0
12842695.0,0.0
12842696.0,0.0
12842697.0,0.0
12842698.0,0.0
12842699.0,0.0
12842700.0,0.0
12842701.0,0.0
12842702.0,0.0
12842703.0,0.0
12842704.0,0.0
12842705.0,0.0
12842706.0,0.0
12842707.0,0.0
12842708.0,0.0
12842709.0,0.0
12842710.0,0.0
12842711.0,0.0
12842712.0,0.0
12842713.0,0.0
12842714.0,0.0
12842715.0,0.0
12842716.0,0.0
12842717.0,0.0
12842718.0,0.0
12842719.0,0.0
12842720.0,0.0
12842721.0,0.0
12842722.0,0.0
12842723.0,0.0
12842724.0,0.0
12842725.0,0.0
12842726.0,0.0
12842727.0,0.0
12842728.0,0.0
12842729.0,0.0
12842730.0,0.0
12842731.0,0.0
12842732.0,0.0
12842733.0,0.0
12842734.0,0.0
12842735.0,0.0
12842736.0,0.0
12842737.0,0.0
12842738.0,0.0
12842739.0,0.0
12842740.0,0.0
12842741.0,0.0
12842742.0,0.0
12842743.0,0.0
12842744.0,0.0
12842745.0,0.0
12842746.0,0.0
12842747.0,0.0
12842748.0,0.0
12842749.0,0.0
12842750.0,0.0
12842751.0,0.0
12842752.0,0.0
12842753.0,0.0
12842754.0,0.0
12842755.0,0.0
12842756.0,0.0
12842757.0,0.0
12842758.0,0.0
12842759.0,0.0
12842760.0,0.0
12842761.0,0.0
12842762.0,0.0
12842763.0,0.0
12842764.0,0.0
12842765.0,0.0
12842766.0,0.0
12842767.0,0.0
12842768.0,0.0
12842769.0,0.0
12842770.0,0.0
12842771.0,0.0
12842772.0,0.0
12842773.0,0.0
12842774.0,0.0
12842775.0,0.0
12842776.0,0.0
12842777.0,0.0
12842778.0,0.0
12842779.0,0.0
12842780.0,0.0
12842781.0,0.0
12842782.0,0.0
12842783.0,0.0
12842784.0,0.0
12842785.0,0.0
12842786.0,0.0
12842787.0,0.0
12842788.0,0.0
12842789.0,0.0
12842790.0,0.0
12842791.0,0.0
12842792.0,0.0
12842793.0,0.0
12842794.0,0.0
12842795.0,0.0
12842796.0,0.0
12842797.0,0.0
12842798.0,0.0
12842799.0,0.0
12842800.0,0.0
12842801.0,0.0
12842802.0,0.0
12842803.0,0.0
12842804.0,0.0
12842805.0,0.0
12842806.0,0.0
12842807.0,0.0
12842808.0,0.0
12842809.0,0.0
12842810.0,0.0
12842811.0,0.0
12842812.0,0.0
12842813.0,0.0
12842814.0,0.0
12842815.0,0.0
12842816.0,0.0
12842817.0,0.0
12842818.0,0.0
12842819.0,0.0
12842820.0,0.0
12842821.0,0.0
12842822.0,0.0
12842823.0,0.0
12842824.0,0.0
12842825.0,0.0
12842826.0,0.0
12842827.0,0.0
12842828.0,0.0
12842829.0,0.0
12842830.0,0.0
12842831.0,0.0
12842832.0,0.0
12842833.0,0.0
12842834.0,0.0
12842835.0,0.0
12842836.0,0.0
12842837.0,0.0
12842838.0,0.0
12842839.0,0.0
12842840.0,0.0
12842841.0,0.0
12842842.0,0.0
12842843.0,0.0
12842844.0,0.0
12842845.0,0.0
12842846.0,0.0
12842847.0,0.0
12842848.0,0.0
12842849.0,0.0
12842850.0,0.0
12842851.0,0.0
12842852.0,0.0
12842853.0,0.0
12842854.0,0.0
12842855.0,0.0
12842856.0,0.0
12842857.0,0.0
12842858.0,0.0
12842859.0,0.0
12842860.0,0.0
12842861.0,0.0
12842862.0,0.0
12842863.0,0.0
12842864.0,0.0
12842865.0,0.0
12842866.0,0.0
12842867.0,0.0
12842868.0,0.0
12842869.0,0.0
12842870.0,0.0
12842871.0,0.0
12842872.0,0.0
12842873.0,0.0
12842874.0,0.0
12842875.0,0.0
12842876.0,0.0
12842877.0,0.0
12842878.0,0.0
12842879.0,0.0
12842880.0,0.0
12842881.0,0.0
12842882.0,0.0
12842883.0,0.0
12842884.0,0.0
12842885.0,0.0
12842886.0,0.0
12842887.0,0.0
12842888.0,0.0
12842889.0,0.0
12842890.0,0.0
12842891.0,0.0
12842892.0,0.0
12842893.0,0.0
12842894.0,0.0
12842895.0,0.0
12842896.0,0.0
12842897.0,0.0
12842898.0,0.0
12842899.0,0.0
12842900.0,0.0
12842901.0,0.0
12842902.0,0.0
12842903.0,0.0
12842904.0,0.0
12842905.0,0.0
12842906.0,0.0
12842907.0,0.0
12842908.0,0.0
12842909.0,0.0
12842910.0,0.0
12842911.0,0.0
12842912.0,0.0
12842913.0,0.0
12842914.0,0.0
12842915.0,0.0
12842916.0,0.0
12842917.0,0.0
12842918.0,0.0
12842919.0,0.0
12842920.0,0.0
12842921.0,0.0
12842922.0,0.0
12842923.0,0.0
12842924.0,0.0
12842925.0,0.0
12842926.0,0.0
12842927.0,0.0
12842928.0,0.0
12842929.0,0.0
12842930.0,0.0
12842931.0,0.0
12842932.0,0.0
12842933.0,0.0
12842934.0,0.0
12842935.0,0.0
12842936.0,0.0
12842937.0,0.0
12842938.0,0.0
12842939.0,0.0
12842940.0,0.0
12842941.0,0.0
12842942.0,0.0
12842943.0,0.0
12842944.0,0.0
12842945.0,0.0
12842946.0,0.0
12842947.0,0.0
12842948.0,0.0
12842949.0,0.0
12842950.0,0.0
12842951.0,0.0
12842952.0,0.0
12842953.0,0.0
12842954.0,0.0
12842955.0,0.0
12842956.0,0.0
12842957.0,0.0
12842958.0,0.0
12842959.0,0.0
12842960.0,0.0
12842961.0,0.0
12842962.0,0.0
12842963.0,0.0
12842964.0,0.0
12842965.0,0.0
12842966.0,0.0
12842967.0,0.0
12842968.0,0.0
12842969.0,0.0
12842970.0,0.0
12842971.0,0.0
12842972.0,0.0
12842973.0,0.0
12842974.0,0.0
12842975.0,0.0
12842976.0,0.0
12842977.0,0.0
12842978.0,0.0
12842979.0,0.0
12842980.0,0.0
12842981.0,0.0
12842982.0,0.0
12842983.0,0.0
12842984.0,0.0
12842985.0,0.0
12842986.0,0.0
12842987.0,0.0
12842988.0,0.0
12842989.0,0.0
12842990.0,0.0
12842991.0,0.0
12842992.0,0.0
12842993.0,0.0
12842994.0,0.0
12842995.0,0.0
12842996.0,0.0
12842997.0,0.0
12842998.0,0.0
12842999.0,0.0
12843000.0,0.0
12843001.0,0.0
12843002.0,0.0
12843003.0,0.0
12843004.0,0.0
12843005.0,0.0
12843006.0,0.0
12843007.0,0.0
12843008.0,0.0
12843009.0,0.0
12843010.0,0.0
12843011.0,0.0
12843012.0,0.0
12843013.0,0.0
12843014.0,0.0
12843015.0,0.0
12843016.0,0.0
12843017.0,0.0
12843018.0,0.0
12843019.0,0.0
12843020.0,0.0
12843021.0,0.0
12843022.0,0.0
12843023.0,0.0
12843024.0,0.0
12843025.0,0.0
12843026.0,0.0
12843027.0,0.0
12843028.0,0.0
12843029.0,0.0
12843030.0,0.0
12843031.0,0.0
12843032.0,0.0
12843033.0,0.0
12843034.0,0.0
12843035.0,0.0
12843036.0,0.0
12843037.0,0.0
12843038.0,0.0
12843039.0,0.0
12843040.0,0.0
12843041.0,0.0
12843042.0,0.0
12843043.0,0.0
12843044.0,0.0
12843045.0,0.0
12843046.0,0.0
12843047.0,0.0
12843048.0,0.0
12843049.0,0.0
12843050.0,0.0
12843051.0,0.0
12843052.0,0.0
12843053.0,0.0
12843054.0,0.0
12843055.0,0.0
12843056.0,0.0
12843057.0,0.0
12843058.0,0.0
12843059.0,0.0
12843060.0,0.0
12843061.0,0.0
12843062.0,0.0
12843063.0,0.0
12843064.0,0.0
12843065.0,0.0
12843066.0,0.0
12843067.0,0.0
12843068.0,0.0
12843069.0,0.0
12843070.0,0.0
12843071.0,0.0
12843072.0,0.0
12843073.0,0.0
12843074.0,0.0
12843075.0,0.0
12843076.0,0.0
12843077.0,0.0
12843078.0,0.0
12843079.0,0.0
12843080.0,0.0
12843081.0,0.0
12843082.0,0.0
12843083.0,0.0
12843084.0,0.0
12843085.0,0.0
12843086.0,0.0
12843087.0,0.0
12843088.0,0.0
12843089.0,0.0
12843090.0,0.0
12843091.0,0.0
12843092.0,0.0
12843093.0,0.0
12843094.0,0.0
12843095.0,0.0
12843096.0,0.0
12843097.0,0.0
12843098.0,0.0
12843099.0,0.0
12843100.0,0.0
12843101.0,0.0
12843102.0,0.0
12843103.0,0.0
12843104.0,0.0
12843105.0,0.0
12843106.0,0.0
12843107.0,0.0
12843108.0,0.0
12843109.0,0.0
12843110.0,0.0
12843111.0,0.0
12843112.0,0.0
12843113.0,0.0
12843114.0,0.0
12843115.0,0.0
12843116.0,0.0
12843117.0,0.0
12843118.0,0.0
12843119.0,0.0
12843120.0,0.0
12843121.0,0.0
12843122.0,0.0
12843123.0,0.0
12843124.0,0.0
12843125.0,0.0
12843126.0,0.0
12843127.0,0.0
12843128.0,0.0
12843129.0,0.0
12843130.0,0.0
12843131.0,0.0
12843132.0,0.0
12843133.0,0.0
12843134.0,0.0
12843135.0,0.0
12843136.0,0.0
12843137.0,0.0
12843138.0,0.0
12843139.0,0.0
12843140.0,0.0
12843141.0,0.0
12843142.0,0.0
12843143.0,0.0
12843144.0,0.0
12843145.0,0.0
12843146.0,0.0
12843147.0,0.0
12843148.0,0.0
12843149.0,0.0
12843150.0,0.0
12843151.0,0.0
12843152.0,0.0
12843153.0,0.0
12843154.0,0.0
12843155.0,0.0
12843156.0,0.0
12843157.0,0.0
12843158.0,0.0
12843159.0,0.0
12843160.0,0.0
12843161.0,0.0
12843162.0,0.0
12843163.0,0.0
12843164.0,0.0
12843165.0,0.0
12843166.0,0.0
12843167.0,0.0
12843168.0,0.0
12843169.0,0.0
12843170.0,0.0
12843171.0,0.0
12843172.0,0.0
12843173.0,0.0
12843174.0,0.0
12843175.0,0.0
12843176.0,0.0
12843177.0,0.0
12843178.0,0.0
12843179.0,0.0
12843180.0,0.0
12843181.0,0.0
12843182.0,0.0
12843183.0,0.0
12843184.0,0.0
12843185.0,0.0
12843186.0,0.0
12843187.0,0.0
12843188.0,0.0
12843189.0,0.0
12843190.0,0.0
12843191.0,0.0
12843192.0,0.0
12843193.0,0.0
12843194.0,0.0
12843195.0,0.0
12843196.0,0.0
12843197.0,0.0
12843198.0,0.0
12843199.0,0.0
12843200.0,0.0
12843201.0,0.0
12843202.0,0.0
12843203.0,0.0
12843204.0,0.0
12843205.0,0.0
12843206.0,0.0
12843207.0,0.0
12843208.0,0.0
12843209.0,0.0
12843210.0,0.0
12843211.0,0.0
12843212.0,0.0
12843213.0,0.0
12843214.0,0.0
12843215.0,0.0
12843216.0,0.0
12843217.0,0.0
12843218.0,0.0
12843219.0,0.0
12843220.0,0.0
12843221.0,0.0
12843222.0,0.0
12843223.0,0.0
12843224.0,0.0
12843225.0,0.0
12843226.0,0.0
12843227.0,0.0
12843228.0,0.0
12843229.0,0.0
12843230.0,0.0
12843231.0,0.0
12843232.0,0.0
12843233.0,0.0
12843234.0,0.0
12843235.0,0.0
12843236.0,0.0
12843237.0,0.0
12843238.0,0.0
12843239.0,0.0
12843240.0,0.0
12843241.0,0.0
12843242.0,0.0
12843243.0,0.0
12843244.0,0.0
12843245.0,0.0
12843246.0,0.0
12843247.0,0.0
12843248.0,0.0
12843249.0,0.0
12843250.0,0.0
12843251.0,0.0
12843252.0,0.0
12843253.0,0.0
12843254.0,0.0
12843255.0,0.0
12843256.0,0.0
12843257.0,0.0
12843258.0,0.0
12843259.0,0.0
12843260.0,0.0
12843261.0,0.0
12843262.0,0.0
12843263.0,0.0
12843264.0,0.0
12843265.0,0.0
12843266.0,0.0
12843267.0,0.0
12843268.0,0.0
12843269.0,0.0
12843270.0,0.0
12843271.0,0.0
12843272.0,0.0
12843273.0,0.0
12843274.0,0.0
12843275.0,0.0
12843276.0,0.0
12843277.0,0.0
12843278.0,0.0
12843279.0,0.0
12843280.0,0.0
12843281.0,0.0
12843282.0,0.0
12843283.0,0.0
12843284.0,0.0
12843285.0,0.0
12843286.0,0.0
12843287.0,0.0
12843288.0,0.0
12843289.0,0.0
12843290.0,0.0
12843291.0,0.0
12843292.0,0.0
12843293.0,0.0
12843294.0,0.0
12843295.0,0.0
12843296.0,0.0
12843297.0,0.0
12843298.0,0.0
12843299.0,0.0
12843300.0,0.0
12843301.0,0.0
12843302.0,0.0
12843303.0,0.0
12843304.0,0.0
12843305.0,0.0
12843306.0,0.0
12843307.0,0.0
12843308.0,0.0
12843309.0,0.0
12843310.0,0.0
12843311.0,0.0
12843312.0,0.0
12843313.0,0.0
12843314.0,0.0
12843315.0,0.0
12843316.0,0.0
12843317.0,0.0
12843318.0,0.0
12843319.0,0.0
12843320.0,0.0
12843321.0,0.0
12843322.0,0.0
12843323.0,0.0
12843324.0,0.0
12843325.0,0.0
12843326.0,0.0
12843327.0,0.0
12843328.0,0.0
12843329.0,0.0
12843330.0,0.0
12843331.0,0.0
12843332.0,0.0
12843333.0,0.0
12843334.0,0.0
12843335.0,0.0
12843336.0,0.0
12843337.0,0.0
12843338.0,0.0
12843339.0,0.0
12843340.0,0.0
12843341.0,0.0
12843342.0,0.0
12843343.0,0.0
12843344.0,0.0
12843345.0,0.0
12843346.0,0.0
12843347.0,0.0
12843348.0,0.0
12843349.0,0.0
12843350.0,0.0
12843351.0,0.0
12843352.0,0.0
12843353.0,0.0
12843354.0,0.0
12843355.0,0.0
12843356.0,0.0
12843357.0,0.0
12843358.0,0.0
12843359.0,0.0
12843360.0,0.0
12843361.0,0.0
12843362.0,0.0
12843363.0,0.0
12843364.0,0.0
12843365.0,0.0
12843366.0,0.0
12843367.0,0.0
12843368.0,0.0
12843369.0,0.0
12843370.0,0.0
12843371.0,0.0
12843372.0,0.0
12843373.0,0.0
12843374.0,0.0
12843375.0,0.0
12843376.0,0.0
12843377.0,0.0
12843378.0,0.0
12843379.0,0.0
12843380.0,0.0
12843381.0,0.0
12843382.0,0.0
12843383.0,0.0
12843384.0,0.0
12843385.0,0.0
12843386.0,0.0
12843387.0,0.0
12843388.0,0.0
12843389.0,0.0
12843390.0,0.0
12843391.0,0.0
12843392.0,0.0
12843393.0,0.0
12843394.0,0.0
12843395.0,0.0
12843396.0,0.0
12843397.0,0.0
12843398.0,0.0
12843399.0,0.0
12843400.0,0.0
12843401.0,0.0
12843402.0,0.0
12843403.0,0.0
12843404.0,0.0
12843405.0,0.0
12843406.0,0.0
12843407.0,0.0
12843408.0,0.0
12843409.0,0.0
12843410.0,0.0
12843411.0,0.0
12843412.0,0.0
12843413.0,0.0
12843414.0,0.0
12843415.0,0.0
12843416.0,0.0
12843417.0,0.0
12843418.0,0.0
12843419.0,0.0
12843420.0,0.0
12843421.0,0.0
12843422.0,0.0
12843423.0,0.0
12843424.0,0.0
12843425.0,0.0
12843426.0,0.0
12843427.0,0.0
12843428.0,0.0
12843429.0,0.0
12843430.0,0.0
12843431.0,0.0
12843432.0,0.0
12843433.0,0.0
12843434.0,0.0
12843435.0,0.0
12843436.0,0.0
12843437.0,0.0
12843438.0,0.0
12843439.0,0.0
12843440.0,0.0
12843441.0,0.0
12843442.0,0.0
12843443.0,0.0
12843444.0,0.0
12843445.0,0.0
12843446.0,0.0
12843447.0,0.0
12843448.0,0.0
12843449.0,0.0
12843450.0,0.0
12843451.0,0.0
12843452.0,0.0
12843453.0,0.0
12843454.0,0.0
12843455.0,0.0
12843456.0,0.0
12843457.0,0.0
12843458.0,0.0
12843459.0,0.0
12843460.0,0.0
12843461.0,0.0
12843462.0,0.0
12843463.0,0.0
12843464.0,0.0
12843465.0,0.0
12843466.0,0.0
12843467.0,0.0
12843468.0,0.0
12843469.0,0.0
12843470.0,0.0
12843471.0,0.0
12843472.0,0.0
12843473.0,0.0
12843474.0,0.0
12843475.0,0.0
12843476.0,0.0
12843477.0,0.0
12843478.0,0.0
12843479.0,0.0
12843480.0,0.0
12843481.0,0.0
12843482.0,0.0
12843483.0,0.0
12843484.0,0.0
12843485.0,0.0
12843486.0,0.0
12843487.0,0.0
12843488.0,0.0
12843489.0,0.0
12843490.0,0.0
12843491.0,0.0
12843492.0,0.0
12843493.0,0.0
12843494.0,0.0
12843495.0,0.0
12843496.0,0.0
12843497.0,0.0
12843498.0,0.0
12843499.0,0.0
12843500.0,0.0
12843501.0,0.0
12843502.0,0.0
12843503.0,0.0
12843504.0,0.0
12843505.0,0.0
12843506.0,0.0
12843507.0,0.0
12843508.0,0.0
12843509.0,0.0
12843510.0,0.0
12843511.0,0.0
12843512.0,0.0
12843513.0,0.0
12843514.0,0.0
12843515.0,0.0
12843516.0,0.0
12843517.0,0.0
12843518.0,0.0
12843519.0,0.0
12843520.0,0.0
12843521.0,0.0
12843522.0,0.0
12843523.0,0.0
12843524.0,0.0
12843525.0,0.0
12843526.0,0.0
12843527.0,0.0
12843528.0,0.0
12843529.0,0.0
12843530.0,0.0
12843531.0,0.0
12843532.0,0.0
12843533.0,0.0
12843534.0,0.0
12843535.0,0.0
12843536.0,0.0
12843537.0,0.0
12843538.0,0.0
12843539.0,0.0
12843540.0,0.0
12843541.0,0.0
12843542.0,0.0
12843543.0,0.0
12843544.0,0.0
12843545.0,0.0
12843546.0,0.0
12843547.0,0.0
12843548.0,0.0
12843549.0,0.0
12843550.0,0.0
12843551.0,0.0
12843552.0,0.0
12843553.0,0.0
12843554.0,0.0
12843555.0,0.0
12843556.0,0.0
12843557.0,0.0
12843558.0,0.0
12843559.0,0.0
12843560.0,0.0
12843561.0,0.0
12843562.0,0.0
12843563.0,0.0
12843564.0,0.0
12843565.0,0.0
12843566.0,0.0
12843567.0,0.0
12843568.0,0.0
12843569.0,0.0
12843570.0,0.0
12843571.0,0.0
12843572.0,0.0
12843573.0,0.0
12843574.0,0.0
12843575.0,0.0
12843576.0,0.0
12843577.0,0.0
12843578.0,0.0
12843579.0,0.0
12843580.0,0.0
12843581.0,0.0
12843582.0,0.0
12843583.0,0.0
12843584.0,0.0
12843585.0,0.0
12843586.0,0.0
12843587.0,0.0
12843588.0,0.0
12843589.0,0.0
12843590.0,0.0
12843591.0,0.0
12843592.0,0.0
12843593.0,0.0
12843594.0,0.0
12843595.0,0.0
12843596.0,0.0
12843597.0,0.0
12843598.0,0.0
12843599.0,0.0
12843600.0,0.0
12843601.0,0.0
12843602.0,0.0
12843603.0,0.0
12843604.0,0.0
12843605.0,0.0
12843606.0,0.0
12843607.0,0.0
12843608.0,0.0
12843609.0,0.0
12843610.0,0.0
12843611.0,0.0
12843612.0,0.0
12843613.0,0.0
12843614.0,0.0
12843615.0,0.0
12843616.0,0.0
12843617.0,0.0
12843618.0,0.0
12843619.0,0.0
12843620.0,0.0
12843621.0,0.0
12843622.0,0.0
12843623.0,0.0
12843624.0,0.0
12843625.0,0.0
12843626.0,0.0
12843627.0,0.0
12843628.0,0.0
12843629.0,0.0
12843630.0,0.0
12843631.0,0.0
12843632.0,0.0
12843633.0,0.0
12843634.0,0.0
12843635.0,0.0
12843636.0,0.0
12843637.0,0.0
12843638.0,0.0
12843639.0,0.0
12843640.0,0.0
12843641.0,0.0
12843642.0,0.0
12843643.0,0.0
12843644.0,0.0
12843645.0,0.0
12843646.0,0.0
12843647.0,0.0
12843648.0,0.0
12843649.0,0.0
12843650.0,0.0
12843651.0,0.0
12843652.0,0.0
12843653.0,0.0
12843654.0,0.0
12843655.0,0.0
12843656.0,0.0
12843657.0,0.0
12843658.0,0.0
12843659.0,0.0
12843660.0,0.0
12843661.0,0.0
12843662.0,0.0
12843663.0,0.0
12843664.0,0.0
12843665.0,0.0
12843666.0,0.0
12843667.0,0.0
12843668.0,0.0
12843669.0,0.0
12843670.0,0.0
12843671.0,0.0
12843672.0,0.0
12843673.0,0.0
12843674.0,0.0
12843675.0,0.0
12843676.0,0.0
12843677.0,0.0
12843678.0,0.0
12843679.0,0.0
12843680.0,0.0
12843681.0,0.0
12843682.0,0.0
12843683.0,0.0
12843684.0,0.0
12843685.0,0.0
12843686.0,0.0
12843687.0,0.0
12843688.0,0.0
12843689.0,0.0
12843690.0,0.0
12843691.0,0.0
12843692.0,0.0
12843693.0,0.0
12843694.0,0.0
12843695.0,0.0
12843696.0,0.0
12843697.0,0.0
12843698.0,0.0
12843699.0,0.0
12843700.0,0.0
12843701.0,0.0
12843702.0,0.0
12843703.0,0.0
12843704.0,0.0
12843705.0,0.0
12843706.0,0.0
12843707.0,0.0
12843708.0,0.0
12843709.0,0.0
12843710.0,0.0
12843711.0,0.0
12843712.0,0.0
12843713.0,0.0
12843714.0,0.0
12843715.0,0.0
12843716.0,0.0
12843717.0,0.0
12843718.0,0.0
12843719.0,0.0
12843720.0,0.0
12843721.0,0.0
12843722.0,0.0
12843723.0,0.0
12843724.0,0.0
12843725.0,0.0
12843726.0,0.0
12843727.0,0.0
12843728.0,0.0
12843729.0,0.0
12843730.0,0.0
12843731.0,0.0
12843732.0,0.0
12843733.0,0.0
12843734.0,0.0
12843735.0,0.0
12843736.0,0.0
12843737.0,0.0
12843738.0,0.0
12843739.0,0.0
12843740.0,0.0
12843741.0,0.0
12843742.0,0.0
12843743.0,0.0
12843744.0,0.0
12843745.0,0.0
12843746.0,0.0
12843747.0,0.0
12843748.0,0.0
12843749.0,0.0
12843750.0,0.0
12843751.0,0.0
12843752.0,0.0
12843753.0,0.0
12843754.0,0.0
12843755.0,0.0
12843756.0,0.0
12843757.0,0.0
12843758.0,0.0
12843759.0,0.0
12843760.0,0.0
12843761.0,0.0
12843762.0,0.0
12843763.0,0.0
12843764.0,0.0
12843765.0,0.0
12843766.0,0.0
12843767.0,0.0
12843768.0,0.0
12843769.0,0.0
12843770.0,0.0
12843771.0,0.0
12843772.0,0.0
12843773.0,0.0
12843774.0,0.0
12843775.0,0.0
12843776.0,0.0
12843777.0,0.0
12843778.0,0.0
12843779.0,0.0
12843780.0,0.0
12843781.0,0.0
12843782.0,0.0
12843783.0,0.0
12843784.0,0.0
12843785.0,0.0
12843786.0,0.0
12843787.0,0.0
12843788.0,0.0
12843789.0,0.0
12843790.0,0.0
12843791.0,0.0
12843792.0,0.0
12843793.0,0.0
12843794.0,0.0
12843795.0,0.0
12843796.0,0.0
12843797.0,0.0
12843798.0,0.0
12843799.0,0.0
12843800.0,0.0
12843801.0,0.0
12843802.0,0.0
12843803.0,0.0
12843804.0,0.0
12843805.0,0.0
12843806.0,0.0
12843807.0,0.0
12843808.0,0.0
12843809.0,0.0
12843810.0,0.0
12843811.0,0.0
12843812.0,0.0
12843813.0,0.0
12843814.0,0.0
12843815.0,0.0
12843816.0,0.0
12843817.0,0.0
12843818.0,0.0
12843819.0,0.0
12843820.0,0.0
12843821.0,0.0
12843822.0,0.0
12843823.0,0.0
12843824.0,0.0
12843825.0,0.0
12843826.0,0.0
12843827.0,0.0
12843828.0,0.0
12843829.0,0.0
12843830.0,0.0
12843831.0,0.0
12843832.0,0.0
12843833.0,0.0
12843834.0,0.0
12843835.0,0.0
12843836.0,0.0
12843837.0,0.0
12843838.0,0.0
12843839.0,0.0
12843840.0,0.0
12843841.0,0.0
12843842.0,0.0
12843843.0,0.0
12843844.0,0.0
12843845.0,0.0
12843846.0,0.0
12843847.0,0.0
12843848.0,0.0
12843849.0,0.0
12843850.0,0.0
12843851.0,0.0
12843852.0,0.0
12843853.0,0.0
12843854.0,0.0
12843855.0,0.0
12843856.0,0.0
12843857.0,0.0
12843858.0,0.0
12843859.0,0.0
12843860.0,0.0
12843861.0,0.0
12843862.0,0.0
12843863.0,0.0
12843864.0,0.0
12843865.0,0.0
12843866.0,0.0
12843867.0,0.0
12843868.0,0.0
12843869.0,0.0
12843870.0,0.0
12843871.0,0.0
12843872.0,0.0
12843873.0,0.0
12843874.0,0.0
12843875.0,0.0
12843876.0,0.0
12843877.0,0.0
12843878.0,0.0
12843879.0,0.0
12843880.0,0.0
12843881.0,0.0
12843882.0,0.0
12843883.0,0.0
12843884.0,0.0
12843885.0,0.0
12843886.0,0.0
12843887.0,0.0
12843888.0,0.0
12843889.0,0.0
12843890.0,0.0
12843891.0,0.0
12843892.0,0.0
12843893.0,0.0
12843894.0,0.0
12843895.0,0.0
12843896.0,0.0
12843897.0,0.0
12843898.0,0.0
12843899.0,0.0
12843900.0,0.0
12843901.0,0.0
12843902.0,0.0
12843903.0,0.0
12843904.0,0.0
12843905.0,0.0
12843906.0,0.0
12843907.0,0.0
12843908.0,0.0
12843909.0,0.0
12843910.0,0.0
12843911.0,0.0
12843912.0,0.0
12843913.0,0.0
12843914.0,0.0
12843915.0,0.0
12843916.0,0.0
12843917.0,0.0
12843918.0,0.0
12843919.0,0.0
12843920.0,0.0
12843921.0,0.0
12843922.0,0.0
12843923.0,0.0
12843924.0,0.0
12843925.0,0.0
12843926.0,0.0
12843927.0,0.0
12843928.0,0.0
12843929.0,0.0
12843930.0,0.0
12843931.0,0.0
12843932.0,0.0
12843933.0,0.0
12843934.0,0.0
12843935.0,0.0
12843936.0,0.0
12843937.0,0.0
12843938.0,0.0
12843939.0,0.0
12843940.0,0.0
12843941.0,0.0
12843942.0,0.0
12843943.0,0.0
12843944.0,0.0
12843945.0,0.0
12843946.0,0.0
12843947.0,0.0
12843948.0,0.0
12843949.0,0.0
12843950.0,0.0
12843951.0,0.0
12843952.0,0.0
12843953.0,0.0
12843954.0,0.0
12843955.0,0.0
12843956.0,0.0
12843957.0,0.0
12843958.0,0.0
12843959.0,0.0
12843960.0,0.0
12843961.0,0.0
12843962.0,0.0
12843963.0,0.0
12843964.0,0.0
12843965.0,0.0
12843966.0,0.0
12843967.0,0.0
12843968.0,0.0
12843969.0,0.0
12843970.0,0.0
12843971.0,0.0
12843972.0,0.0
12843973.0,0.0
12843974.0,0.0
12843975.0,0.0
12843976.0,0.0
12843977.0,0.0
12843978.0,0.0
12843979.0,0.0
12843980.0,0.0
12843981.0,0.0
12843982.0,0.0
12843983.0,0.0
12843984.0,0.0
12843985.0,0.0
12843986.0,0.0
12843987.0,0.0
12843988.0,0.0
12843989.0,0.0
12843990.0,0.0
12843991.0,0.0
12843992.0,0.0
12843993.0,0.0
12843994.0,0.0
12843995.0,0.0
12843996.0,0.0
12843997.0,0.0
12843998.0,0.0
12843999.0,0.0
12844000.0,0.0
12844001.0,0.0
12844002.0,0.0
12844003.0,0.0
12844004.0,0.0
12844005.0,0.0
12844006.0,0.0
12844007.0,0.0
12844008.0,0.0
12844009.0,0.0
12844010.0,0.0
12844011.0,0.0
12844012.0,0.0
12844013.0,0.0
12844014.0,0.0
12844015.0,0.0
12844016.0,0.0
12844017.0,0.0
12844018.0,0.0
12844019.0,0.0
12844020.0,0.0
12844021.0,0.0
12844022.0,0.0
12844023.0,0.0
12844024.0,0.0
12844025.0,0.0
12844026.0,0.0
12844027.0,0.0
12844028.0,0.0
12844029.0,0.0
12844030.0,0.0
12844031.0,0.0
12844032.0,0.0
12844033.0,0.0
12844034.0,0.0
12844035.0,0.0
12844036.0,0.0
12844037.0,0.0
12844038.0,0.0
12844039.0,0.0
12844040.0,0.0
12844041.0,0.0
12844042.0,0.0
12844043.0,0.0
12844044.0,0.0
12844045.0,0.0
12844046.0,0.0
12844047.0,0.0
12844048.0,0.0
12844049.0,0.0
12844050.0,0.0
12844051.0,0.0
12844052.0,0.0
12844053.0,0.0
12844054.0,0.0
12844055.0,0.0
12844056.0,0.0
12844057.0,0.0
12844058.0,0.0
12844059.0,0.0
12844060.0,0.0
12844061.0,0.0
12844062.0,0.0
12844063.0,0.0
12844064.0,0.0
12844065.0,0.0
12844066.0,0.0
12844067.0,0.0
12844068.0,0.0
12844069.0,0.0
12844070.0,0.0
12844071.0,0.0
12844072.0,0.0
12844073.0,0.0
12844074.0,0.0
12844075.0,0.0
12844076.0,0.0
12844077.0,0.0
12844078.0,0.0
12844079.0,0.0
12844080.0,0.0
12844081.0,0.0
12844082.0,0.0
12844083.0,0.0
12844084.0,0.0
12844085.0,0.0
12844086.0,0.0
12844087.0,0.0
12844088.0,0.0
12844089.0,0.0
12844090.0,0.0
12844091.0,0.0
12844092.0,0.0
12844093.0,0.0
12844094.0,0.0
12844095.0,0.0
12844096.0,0.0
12844097.0,0.0
12844098.0,0.0
12844099.0,0.0
12844100.0,0.0
12844101.0,0.0
12844102.0,0.0
12844103.0,0.0
12844104.0,0.0
12844105.0,0.0
12844106.0,0.0
12844107.0,0.0
12844108.0,0.0
12844109.0,0.0
12844110.0,0.0
12844111.0,0.0
12844112.0,0.0
12844113.0,0.0
12844114.0,0.0
12844115.0,0.0
12844116.0,0.0
12844117.0,0.0
12844118.0,0.0
12844119.0,0.0
12844120.0,0.0
12844121.0,0.0
12844122.0,0.0
12844123.0,0.0
12844124.0,0.0
12844125.0,0.0
12844126.0,0.0
12844127.0,0.0
12844128.0,0.0
12844129.0,0.0
12844130.0,0.0
12844131.0,0.0
12844132.0,0.0
12844133.0,0.0
12844134.0,0.0
12844135.0,0.0
12844136.0,0.0
12844137.0,0.0
12844138.0,0.0
12844139.0,0.0
12844140.0,0.0
12844141.0,0.0
12844142.0,0.0
12844143.0,0.0
12844144.0,0.0
12844145.0,0.0
12844146.0,0.0
12844147.0,0.0
12844148.0,0.0
12844149.0,0.0
12844150.0,0.0
12844151.0,0.0
12844152.0,0.0
12844153.0,0.0
12844154.0,0.0
12844155.0,0.0
12844156.0,0.0
12844157.0,0.0
12844158.0,0.0
12844159.0,0.0
12844160.0,0.0
12844161.0,0.0
12844162.0,0.0
12844163.0,0.0
12844164.0,0.0
12844165.0,0.0
12844166.0,0.0
12844167.0,0.0
12844168.0,0.0
12844169.0,0.0
12844170.0,0.0
12844171.0,0.0
12844172.0,0.0
12844173.0,0.0
12844174.0,0.0
12844175.0,0.0
12844176.0,0.0
12844177.0,0.0
12844178.0,0.0
12844179.0,0.0
12844180.0,0.0
12844181.0,0.0
12844182.0,0.0
12844183.0,0.0
12844184.0,0.0
12844185.0,0.0
12844186.0,0.0
12844187.0,0.0
12844188.0,0.0
12844189.0,0.0
12844190.0,0.0
12844191.0,0.0
12844192.0,0.0
12844193.0,0.0
12844194.0,0.0
12844195.0,0.0
12844196.0,0.0
12844197.0,0.0
12844198.0,0.0
12844199.0,0.0
12844200.0,0.0
12844201.0,0.0
12844202.0,0.0
12844203.0,0.0
12844204.0,0.0
12844205.0,0.0
12844206.0,0.0
12844207.0,0.0
12844208.0,0.0
12844209.0,0.0
12844210.0,0.0
12844211.0,0.0
12844212.0,0.0
12844213.0,0.0
12844214.0,0.0
12844215.0,0.0
12844216.0,0.0
12844217.0,0.0
12844218.0,0.0
12844219.0,0.0
12844220.0,0.0
12844221.0,0.0
12844222.0,0.0
12844223.0,0.0
12844224.0,0.0
12844225.0,0.0
12844226.0,0.0
12844227.0,0.0
12844228.0,0.0
12844229.0,0.0
12844230.0,0.0
12844231.0,0.0
12844232.0,0.0
12844233.0,0.0
12844234.0,0.0
12844235.0,0.0
12844236.0,0.0
12844237.0,0.0
12844238.0,0.0
12844239.0,0.0
12844240.0,0.0
12844241.0,0.0
12844242.0,0.0
12844243.0,0.0
12844244.0,0.0
12844245.0,0.0
12844246.0,0.0
12844247.0,0.0
12844248.0,0.0
12844249.0,0.0
12844250.0,0.0
12844251.0,0.0
12844252.0,0.0
12844253.0,0.0
12844254.0,0.0
12844255.0,0.0
12844256.0,0.0
12844257.0,0.0
12844258.0,0.0
12844259.0,0.0
12844260.0,0.0
12844261.0,0.0
12844262.0,0.0
12844263.0,0.0
12844264.0,0.0
12844265.0,0.0
12844266.0,0.0
12844267.0,0.0
12844268.0,0.0
12844269.0,0.0
12844270.0,0.0
12844271.0,0.0
12844272.0,0.0
12844273.0,0.0
12844274.0,0.0
12844275.0,0.0
12844276.0,0.0
12844277.0,0.0
12844278.0,0.0
12844279.0,0.0
12844280.0,0.0
12844281.0,0.0
12844282.0,0.0
12844283.0,0.0
12844284.0,0.0
12844285.0,0.0
12844286.0,0.0
12844287.0,0.0
12844288.0,0.0
12844289.0,0.0
12844290.0,0.0
12844291.0,0.0
12844292.0,0.0
12844293.0,0.0
12844294.0,0.0
12844295.0,0.0
12844296.0,0.0
12844297.0,0.0
12844298.0,0.0
12844299.0,0.0
12844300.0,0.0
12844301.0,0.0
12844302.0,0.0
12844303.0,0.0
12844304.0,0.0
12844305.0,0.0
12844306.0,0.0
12844307.0,0.0
12844308.0,0.0
12844309.0,0.0
12844310.0,0.0
12844311.0,0.0
12844312.0,0.0
12844313.0,0.0
12844314.0,0.0
12844315.0,0.0
12844316.0,0.0
12844317.0,0.0
12844318.0,0.0
12844319.0,0.0
12844320.0,0.0
12844321.0,0.0
12844322.0,0.0
12844323.0,0.0
12844324.0,0.0
12844325.0,0.0
12844326.0,0.0
12844327.0,0.0
12844328.0,0.0
12844329.0,0.0
12844330.0,0.0
12844331.0,0.0
12844332.0,0.0
12844333.0,0.0
12844334.0,0.0
12844335.0,0.0
12844336.0,0.0
12844337.0,0.0
12844338.0,0.0
12844339.0,0.0
12844340.0,0.0
12844341.0,0.0
12844342.0,0.0
12844343.0,0.0
12844344.0,0.0
12844345.0,0.0
12844346.0,0.0
12844347.0,0.0
12844348.0,0.0
12844349.0,0.0
12844350.0,0.0
12844351.0,0.0
12844352.0,0.0
12844353.0,0.0
12844354.0,0.0
12844355.0,0.0
12844356.0,0.0
12844357.0,0.0
12844358.0,0.0
12844359.0,0.0
12844360.0,0.0
12844361.0,0.0
12844362.0,0.0
12844363.0,0.0
12844364.0,0.0
12844365.0,0.0
12844366.0,0.0
12844367.0,0.0
12844368.0,0.0
12844369.0,0.0
12844370.0,0.0
12844371.0,0.0
12844372.0,0.0
12844373.0,0.0
12844374.0,0.0
12844375.0,0.0
12844376.0,0.0
12844377.0,0.0
12844378.0,0.0
12844379.0,0.0
12844380.0,0.0
12844381.0,0.0
12844382.0,0.0
12844383.0,0.0
12844384.0,0.0
12844385.0,0.0
12844386.0,0.0
12844387.0,0.0
12844388.0,0.0
12844389.0,0.0
12844390.0,0.0
12844391.0,0.0
12844392.0,0.0
12844393.0,0.0
12844394.0,0.0
12844395.0,0.0
12844396.0,0.0
12844397.0,0.0
12844398.0,0.0
12844399.0,0.0
12844400.0,0.0
12844401.0,0.0
12844402.0,0.0
12844403.0,0.0
12844404.0,0.0
12844405.0,0.0
12844406.0,0.0
12844407.0,0.0
12844408.0,0.0
12844409.0,0.0
12844410.0,0.0
12844411.0,0.0
12844412.0,0.0
12844413.0,0.0
12844414.0,0.0
12844415.0,0.0
12844416.0,0.0
12844417.0,0.0
12844418.0,0.0
12844419.0,0.0
12844420.0,0.0
12844421.0,0.0
12844422.0,0.0
12844423.0,0.0
12844424.0,0.0
12844425.0,0.0
12844426.0,0.0
12844427.0,0.0
12844428.0,0.0
12844429.0,0.0
12844430.0,0.0
12844431.0,0.0
12844432.0,0.0
12844433.0,0.0
12844434.0,0.0
12844435.0,0.0
12844436.0,0.0
12844437.0,0.0
12844438.0,0.0
12844439.0,0.0
12844440.0,0.0
12844441.0,0.0
12844442.0,0.0
12844443.0,0.0
12844444.0,0.0
12844445.0,0.0
12844446.0,0.0
12844447.0,0.0
12844448.0,0.0
12844449.0,0.0
12844450.0,0.0
12844451.0,0.0
12844452.0,0.0
12844453.0,0.0
12844454.0,0.0
12844455.0,0.0
12844456.0,0.0
12844457.0,0.0
12844458.0,0.0
12844459.0,0.0
12844460.0,0.0
12844461.0,0.0
12844462.0,0.0
12844463.0,0.0
12844464.0,0.0
12844465.0,0.0
12844466.0,0.0
12844467.0,0.0
12844468.0,0.0
12844469.0,0.0
12844470.0,0.0
12844471.0,0.0
12844472.0,0.0
12844473.0,0.0
12844474.0,0.0
12844475.0,0.0
12844476.0,0.0
12844477.0,0.0
12844478.0,0.0
12844479.0,0.0
12844480.0,0.0
12844481.0,0.0
12844482.0,0.0
12844483.0,0.0
12844484.0,0.0
12844485.0,0.0
12844486.0,0.0
12844487.0,0.0
12844488.0,0.0
12844489.0,0.0
12844490.0,0.0
12844491.0,0.0
12844492.0,0.0
12844493.0,0.0
12844494.0,0.0
12844495.0,0.0
12844496.0,0.0
12844497.0,0.0
12844498.0,0.0
12844499.0,0.0
12844500.0,0.0
12844501.0,0.0
12844502.0,0.0
12844503.0,0.0
12844504.0,0.0
12844505.0,0.0
12844506.0,0.0
12844507.0,0.0
12844508.0,0.0
12844509.0,0.0
12844510.0,0.0
12844511.0,0.0
12844512.0,0.0
12844513.0,0.0
12844514.0,0.0
12844515.0,0.0
12844516.0,0.0
12844517.0,0.0
12844518.0,0.0
12844519.0,0.0
12844520.0,0.0
12844521.0,0.0
12844522.0,0.0
12844523.0,0.0
12844524.0,0.0
12844525.0,0.0
12844526.0,0.0
12844527.0,0.0
12844528.0,0.0
12844529.0,0.0
12844530.0,0.0
12844531.0,0.0
12844532.0,0.0
12844533.0,0.0
12844534.0,0.0
12844535.0,0.0
12844536.0,0.0
12844537.0,0.0
12844538.0,0.0
12844539.0,0.0
12844540.0,0.0
12844541.0,0.0
12844542.0,0.0
12844543.0,0.0
12844544.0,0.0
12844545.0,0.0
12844546.0,0.0
12844547.0,0.0
12844548.0,0.0
12844549.0,0.0
12844550.0,0.0
12844551.0,0.0
12844552.0,0.0
12844553.0,0.0
12844554.0,0.0
12844555.0,0.0
12844556.0,0.0
12844557.0,0.0
12844558.0,0.0
12844559.0,0.0
12844560.0,0.0
12844561.0,0.0
12844562.0,0.0
12844563.0,0.0
12844564.0,0.0
12844565.0,0.0
12844566.0,0.0
12844567.0,0.0
12844568.0,0.0
12844569.0,0.0
12844570.0,0.0
12844571.0,0.0
12844572.0,0.0
12844573.0,0.0
12844574.0,0.0
12844575.0,0.0
12844576.0,0.0
12844577.0,0.0
12844578.0,0.0
12844579.0,0.0
12844580.0,0.0
12844581.0,0.0
12844582.0,0.0
12844583.0,0.0
12844584.0,0.0
12844585.0,0.0
12844586.0,0.0
12844587.0,0.0
12844588.0,0.0
12844589.0,0.0
12844590.0,0.0
12844591.0,0.0
12844592.0,0.0
12844593.0,0.0
12844594.0,0.0
12844595.0,0.0
12844596.0,0.0
12844597.0,0.0
12844598.0,0.0
12844599.0,0.0
12844600.0,0.0
12844601.0,0.0
12844602.0,0.0
12844603.0,0.0
12844604.0,0.0
12844605.0,0.0
12844606.0,0.0
12844607.0,0.0
12844608.0,0.0
12844609.0,0.0
12844610.0,0.0
12844611.0,0.0
12844612.0,0.0
12844613.0,0.0
12844614.0,0.0
12844615.0,0.0
12844616.0,0.0
12844617.0,0.0
12844618.0,0.0
12844619.0,0.0
12844620.0,0.0
12844621.0,0.0
12844622.0,0.0
12844623.0,0.0
12844624.0,0.0
12844625.0,0.0
12844626.0,0.0
12844627.0,0.0
12844628.0,0.0
12844629.0,0.0
12844630.0,0.0
12844631.0,0.0
12844632.0,0.0
12844633.0,0.0
12844634.0,0.0
12844635.0,0.0
12844636.0,0.0
12844637.0,0.0
12844638.0,0.0
12844639.0,0.0
12844640.0,0.0
12844641.0,0.0
12844642.0,0.0
12844643.0,0.0
12844644.0,0.0
12844645.0,0.0
12844646.0,0.0
12844647.0,0.0
12844648.0,0.0
12844649.0,0.0
12844650.0,0.0
12844651.0,0.0
12844652.0,0.0
12844653.0,0.0
12844654.0,0.0
12844655.0,0.0
12844656.0,0.0
12844657.0,0.0
12844658.0,0.0
12844659.0,0.0
12844660.0,0.0
12844661.0,0.0
12844662.0,0.0
12844663.0,0.0
12844664.0,0.0
12844665.0,0.0
12844666.0,0.0
12844667.0,0.0
12844668.0,0.0
12844669.0,0.0
12844670.0,0.0
12844671.0,0.0
12844672.0,0.0
12844673.0,0.0
12844674.0,0.0
12844675.0,0.0
12844676.0,0.0
12844677.0,0.0
12844678.0,0.0
12844679.0,0.0
12844680.0,0.0
12844681.0,0.0
12844682.0,0.0
12844683.0,0.0
12844684.0,0.0
12844685.0,0.0
12844686.0,0.0
12844687.0,0.0
12844688.0,0.0
12844689.0,0.0
12844690.0,0.0
12844691.0,0.0
12844692.0,0.0
12844693.0,0.0
12844694.0,0.0
12844695.0,0.0
12844696.0,0.0
12844697.0,0.0
12844698.0,0.0
12844699.0,0.0
12844700.0,0.0
12844701.0,0.0
12844702.0,0.0
12844703.0,0.0
12844704.0,0.0
12844705.0,0.0
12844706.0,0.0
12844707.0,0.0
12844708.0,0.0
12844709.0,0.0
12844710.0,0.0
12844711.0,0.0
12844712.0,0.0
12844713.0,0.0
12844714.0,0.0
12844715.0,0.0
12844716.0,0.0
12844717.0,0.0
12844718.0,0.0
12844719.0,0.0
12844720.0,0.0
12844721.0,0.0
12844722.0,0.0
12844723.0,0.0
12844724.0,0.0
12844725.0,0.0
12844726.0,0.0
12844727.0,0.0
12844728.0,0.0
12844729.0,0.0
12844730.0,0.0
12844731.0,0.0
12844732.0,0.0
12844733.0,0.0
12844734.0,0.0
12844735.0,0.0
12844736.0,0.0
12844737.0,0.0
12844738.0,0.0
12844739.0,0.0
12844740.0,0.0
12844741.0,0.0
12844742.0,0.0
12844743.0,0.0
12844744.0,0.0
12844745.0,0.0
12844746.0,0.0
12844747.0,0.0
12844748.0,0.0
12844749.0,0.0
12844750.0,0.0
12844751.0,0.0
12844752.0,0.0
12844753.0,0.0
12844754.0,0.0
12844755.0,0.0
12844756.0,0.0
12844757.0,0.0
12844758.0,0.0
12844759.0,0.0
12844760.0,0.0
12844761.0,0.0
12844762.0,0.0
12844763.0,0.0
12844764.0,0.0
12844765.0,0.0
12844766.0,0.0
12844767.0,0.0
12844768.0,0.0
12844769.0,0.0
12844770.0,0.0
12844771.0,0.0
12844772.0,0.0
12844773.0,0.0
12844774.0,0.0
12844775.0,0.0
12844776.0,0.0
12844777.0,0.0
12844778.0,0.0
12844779.0,0.0
12844780.0,0.0
12844781.0,0.0
12844782.0,0.0
12844783.0,0.0
12844784.0,0.0
12844785.0,0.0
12844786.0,0.0
12844787.0,0.0
12844788.0,0.0
12844789.0,0.0
12844790.0,0.0
12844791.0,0.0
12844792.0,0.0
12844793.0,0.0
12844794.0,0.0
12844795.0,0.0
12844796.0,0.0
12844797.0,0.0
12844798.0,0.0
12844799.0,0.0
12844800.0,0.0
12844801.0,0.0
12844802.0,0.0
12844803.0,0.0
12844804.0,0.0
12844805.0,0.0
12844806.0,0.0
12844807.0,0.0
12844808.0,0.0
12844809.0,0.0
12844810.0,0.0
12844811.0,0.0
12844812.0,0.0
12844813.0,0.0
12844814.0,0.0
12844815.0,0.0
12844816.0,0.0
12844817.0,0.0
12844818.0,0.0
12844819.0,0.0
12844820.0,0.0
12844821.0,0.0
12844822.0,0.0
12844823.0,0.0
12844824.0,0.0
12844825.0,0.0
12844826.0,0.0
12844827.0,0.0
12844828.0,0.0
12844829.0,0.0
12844830.0,0.0
12844831.0,0.0
12844832.0,0.0
12844833.0,0.0
12844834.0,0.0
12844835.0,0.0
12844836.0,0.0
12844837.0,0.0
12844838.0,0.0
12844839.0,0.0
12844840.0,0.0
12844841.0,0.0
12844842.0,0.0
12844843.0,0.0
12844844.0,0.0
12844845.0,0.0
12844846.0,0.0
12844847.0,0.0
12844848.0,0.0
12844849.0,0.0
12844850.0,0.0
12844851.0,0.0
12844852.0,0.0
12844853.0,0.0
12844854.0,0.0
12844855.0,0.0
12844856.0,0.0
12844857.0,0.0
12844858.0,0.0
12844859.0,0.0
12844860.0,0.0
12844861.0,0.0
12844862.0,0.0
12844863.0,0.0
12844864.0,0.0
12844865.0,0.0
12844866.0,0.0
12844867.0,0.0
12844868.0,0.0
12844869.0,0.0
12844870.0,0.0
12844871.0,0.0
12844872.0,0.0
12844873.0,0.0
12844874.0,0.0
12844875.0,0.0
12844876.0,0.0
12844877.0,0.0
12844878.0,0.0
12844879.0,0.0
12844880.0,0.0
12844881.0,0.0
12844882.0,0.0
12844883.0,0.0
12844884.0,0.0
12844885.0,0.0
12844886.0,0.0
12844887.0,0.0
12844888.0,0.0
12844889.0,0.0
12844890.0,0.0
12844891.0,0.0
12844892.0,0.0
12844893.0,0.0
12844894.0,0.0
12844895.0,0.0
12844896.0,0.0
12844897.0,0.0
12844898.0,0.0
12844899.0,0.0
12844900.0,0.0
12844901.0,0.0
12844902.0,0.0
12844903.0,0.0
12844904.0,0.0
12844905.0,0.0
12844906.0,0.0
12844907.0,0.0
12844908.0,0.0
12844909.0,0.0
12844910.0,0.0
12844911.0,0.0
12844912.0,0.0
12844913.0,0.0
12844914.0,0.0
12844915.0,0.0
12844916.0,0.0
12844917.0,0.0
12844918.0,0.0
12844919.0,0.0
12844920.0,0.0
12844921.0,0.0
12844922.0,0.0
12844923.0,0.0
12844924.0,0.0
12844925.0,0.0
12844926.0,0.0
12844927.0,0.0
12844928.0,0.0
12844929.0,0.0
12844930.0,0.0
12844931.0,0.0
12844932.0,0.0
12844933.0,0.0
12844934.0,0.0
12844935.0,0.0
12844936.0,0.0
12844937.0,0.0
12844938.0,0.0
12844939.0,0.0
12844940.0,0.0
12844941.0,0.0
12844942.0,0.0
12844943.0,0.0
12844944.0,0.0
12844945.0,0.0
12844946.0,0.0
12844947.0,0.0
12844948.0,0.0
12844949.0,0.0
12844950.0,0.0
12844951.0,0.0
12844952.0,0.0
12844953.0,0.0
12844954.0,0.0
12844955.0,0.0
12844956.0,0.0
12844957.0,0.0
12844958.0,0.0
12844959.0,0.0
12844960.0,0.0
12844961.0,0.0
12844962.0,0.0
12844963.0,0.0
12844964.0,0.0
12844965.0,0.0
12844966.0,0.0
12844967.0,0.0
12844968.0,0.0
12844969.0,0.0
12844970.0,0.0
12844971.0,0.0
12844972.0,0.0
12844973.0,0.0
12844974.0,0.0
12844975.0,0.0
12844976.0,0.0
12844977.0,0.0
12844978.0,0.0
12844979.0,0.0
12844980.0,0.0
12844981.0,0.0
12844982.0,0.0
12844983.0,0.0
12844984.0,0.0
12844985.0,0.0
12844986.0,0.0
12844987.0,0.0
12844988.0,0.0
12844989.0,0.0
12844990.0,0.0
12844991.0,0.0
12844992.0,0.0
12844993.0,0.0
12844994.0,0.0
12844995.0,0.0
12844996.0,0.0
12844997.0,0.0
12844998.0,0.0
12844999.0,0.0
12845000.0,0.0
12845001.0,0.0
12845002.0,0.0
12845003.0,0.0
12845004.0,0.0
12845005.0,0.0
12845006.0,0.0
12845007.0,0.0
12845008.0,0.0
12845009.0,0.0
12845010.0,0.0
12845011.0,0.0
12845012.0,0.0
12845013.0,0.0
12845014.0,0.0
12845015.0,0.0
12845016.0,0.0
12845017.0,0.0
12845018.0,0.0
12845019.0,0.0
12845020.0,0.0
12845021.0,0.0
12845022.0,0.0
12845023.0,0.0
12845024.0,0.0
12845025.0,0.0
12845026.0,0.0
12845027.0,0.0
12845028.0,0.0
12845029.0,0.0
12845030.0,0.0
12845031.0,0.0
12845032.0,0.0
12845033.0,0.0
12845034.0,0.0
12845035.0,0.0
12845036.0,0.0
12845037.0,0.0
12845038.0,0.0
12845039.0,0.0
12845040.0,0.0
12845041.0,0.0
12845042.0,0.0
12845043.0,0.0
12845044.0,0.0
12845045.0,0.0
12845046.0,0.0
12845047.0,0.0
12845048.0,0.0
12845049.0,0.0
12845050.0,0.0
12845051.0,0.0
12845052.0,0.0
12845053.0,0.0
12845054.0,0.0
12845055.0,0.0
12845056.0,0.0
12845057.0,0.0
12845058.0,0.0
12845059.0,0.0
12845060.0,0.0
12845061.0,0.0
12845062.0,0.0
12845063.0,0.0
12845064.0,0.0
12845065.0,0.0
12845066.0,0.0
12845067.0,0.0
12845068.0,0.0
12845069.0,0.0
12845070.0,0.0
12845071.0,0.0
12845072.0,0.0
12845073.0,0.0
12845074.0,0.0
12845075.0,0.0
12845076.0,0.0
12845077.0,0.0
12845078.0,0.0
12845079.0,0.0
12845080.0,0.0
12845081.0,0.0
12845082.0,0.0
12845083.0,0.0
12845084.0,0.0
12845085.0,0.0
12845086.0,0.0
12845087.0,0.0
12845088.0,0.0
12845089.0,0.0
12845090.0,0.0
12845091.0,0.0
12845092.0,0.0
12845093.0,0.0
12845094.0,0.0
12845095.0,0.0
12845096.0,0.0
12845097.0,0.0
12845098.0,0.0
12845099.0,0.0
12845100.0,0.0
12845101.0,0.0
12845102.0,0.0
12845103.0,0.0
12845104.0,0.0
12845105.0,0.0
12845106.0,0.0
12845107.0,0.0
12845108.0,0.0
12845109.0,0.0
12845110.0,0.0
12845111.0,0.0
12845112.0,0.0
12845113.0,0.0
12845114.0,0.0
12845115.0,0.0
12845116.0,0.0
12845117.0,0.0
12845118.0,0.0
12845119.0,0.0
12845120.0,0.0
12845121.0,0.0
12845122.0,0.0
12845123.0,0.0
12845124.0,0.0
12845125.0,0.0
12845126.0,0.0
12845127.0,0.0
12845128.0,0.0
12845129.0,0.0
12845130.0,0.0
12845131.0,0.0
12845132.0,0.0
12845133.0,0.0
12845134.0,0.0
12845135.0,0.0
12845136.0,0.0
12845137.0,0.0
12845138.0,0.0
12845139.0,0.0
12845140.0,0.0
12845141.0,0.0
12845142.0,0.0
12845143.0,0.0
12845144.0,0.0
12845145.0,0.0
12845146.0,0.0
12845147.0,0.0
12845148.0,0.0
12845149.0,0.0
12845150.0,0.0
12845151.0,0.0
12845152.0,0.0
12845153.0,0.0
12845154.0,0.0
12845155.0,0.0
12845156.0,0.0
12845157.0,0.0
12845158.0,0.0
12845159.0,0.0
12845160.0,0.0
12845161.0,0.0
12845162.0,0.0
12845163.0,0.0
12845164.0,0.0
12845165.0,0.0
12845166.0,0.0
12845167.0,0.0
12845168.0,0.0
12845169.0,0.0
12845170.0,0.0
12845171.0,0.0
12845172.0,0.0
12845173.0,0.0
12845174.0,0.0
12845175.0,0.0
12845176.0,0.0
12845177.0,0.0
12845178.0,0.0
12845179.0,0.0
12845180.0,0.0
12845181.0,0.0
12845182.0,0.0
12845183.0,0.0
12845184.0,0.0
12845185.0,0.0
12845186.0,0.0
12845187.0,0.0
12845188.0,0.0
12845189.0,0.0
12845190.0,0.0
12845191.0,0.0
12845192.0,0.0
12845193.0,0.0
12845194.0,0.0
12845195.0,0.0
12845196.0,0.0
12845197.0,0.0
12845198.0,0.0
12845199.0,0.0
12845200.0,0.0
12845201.0,0.0
12845202.0,0.0
12845203.0,0.0
12845204.0,0.0
12845205.0,0.0
12845206.0,0.0
12845207.0,0.0
12845208.0,0.0
12845209.0,0.0
12845210.0,0.0
12845211.0,0.0
12845212.0,0.0
12845213.0,0.0
12845214.0,0.0
12845215.0,0.0
12845216.0,0.0
12845217.0,0.0
12845218.0,0.0
12845219.0,0.0
12845220.0,0.0
12845221.0,0.0
12845222.0,0.0
12845223.0,0.0
12845224.0,0.0
12845225.0,0.0
12845226.0,0.0
12845227.0,0.0
12845228.0,0.0
12845229.0,0.0
12845230.0,0.0
12845231.0,0.0
12845232.0,0.0
12845233.0,0.0
12845234.0,0.0
12845235.0,0.0
12845236.0,0.0
12845237.0,0.0
12845238.0,0.0
12845239.0,0.0
12845240.0,0.0
12845241.0,0.0
12845242.0,0.0
12845243.0,0.0
12845244.0,0.0
12845245.0,0.0
12845246.0,0.0
12845247.0,0.0
12845248.0,0.0
12845249.0,0.0
12845250.0,0.0
12845251.0,0.0
12845252.0,0.0
12845253.0,0.0
12845254.0,0.0
12845255.0,0.0
12845256.0,0.0
12845257.0,0.0
12845258.0,0.0
12845259.0,0.0
12845260.0,0.0
12845261.0,0.0
12845262.0,0.0
12845263.0,0.0
12845264.0,0.0
12845265.0,0.0
12845266.0,0.0
12845267.0,0.0
12845268.0,0.0
12845269.0,0.0
12845270.0,0.0
12845271.0,0.0
12845272.0,0.0
12845273.0,0.0
12845274.0,0.0
12845275.0,0.0
12845276.0,0.0
12845277.0,0.0
12845278.0,0.0
12845279.0,0.0
12845280.0,0.0
12845281.0,0.0
12845282.0,0.0
12845283.0,0.0
12845284.0,0.0
12845285.0,0.0
12845286.0,0.0
12845287.0,0.0
12845288.0,0.0
12845289.0,0.0
12845290.0,0.0
