27721,0.0
27722,0.0
27723,0.0
27724,0.0
27725,0.0
27726,0.0
27727,0.0
27728,0.0
27729,0.0
27730,0.0
27731,0.0
27732,0.0
27733,0.0
27734,0.0
27735,0.0
27736,0.0
27737,0.0
27738,0.0
27739,0.0
27740,0.0
27741,0.0
27742,0.0
27743,0.0
27744,0.0
27745,0.0
27746,0.0
27747,0.0
27748,0.0
27749,0.0
27750,0.0
27751,0.0
27752,0.0
27753,0.0
27754,0.0
27755,0.0
27756,0.0
27757,0.0
27758,0.0
27759,0.0
27760,0.0
27761,0.0
27762,0.0
27763,0.0
27764,0.0
27765,0.0
27766,0.0
27767,0.0
27768,0.0
27769,0.0
27770,0.0
27771,0.0
27772,0.0
27773,0.0
27774,0.0
27775,0.0
27776,0.0
27777,0.0
27778,0.0
27779,0.0
27780,0.0
27781,0.0
27782,0.0
27783,0.0
27784,0.0
27785,0.0
27786,0.0
27787,0.0
27788,0.0
27789,0.0
27790,0.0
27791,0.0
27792,0.0
27793,0.0
27794,0.0
27795,0.0
27796,0.0
27797,0.0
27798,0.0
27799,0.0
27800,0.0
27801,0.0
27802,0.0
27803,0.0
27804,0.0
27805,0.0
27806,0.0
27807,0.0
27808,0.0
27809,0.0
27810,0.0
27811,0.0
27812,0.0
27813,0.0
27814,0.0
27815,0.0
27816,0.0
27817,0.0
27818,0.0
27819,0.0
27820,0.0
27821,0.0
27822,0.0
27823,0.0
27824,0.0
27825,0.0
27826,0.0
27827,0.0
27828,0.0
27829,0.0
27830,0.0
27831,0.0
27832,0.0
27833,0.0
27834,0.0
27835,0.0
27836,0.0
27837,0.0
27838,0.0
27839,0.0
27840,0.0
27841,0.0
27842,0.0
27843,0.0
27844,0.0
27845,0.0
27846,0.0
27847,0.0
27848,0.0
27849,0.0
27850,0.0
27851,0.0
27852,0.0
27853,0.0
27854,0.0
27855,0.0
27856,0.0
27857,0.0
27858,0.0
27859,0.0
27860,0.0
27861,0.0
27862,0.0
27863,0.0
27864,0.0
27865,0.0
27866,0.0
27867,0.0
27868,0.0
27869,0.0
27870,0.0
27871,0.0
27872,0.0
27873,0.0
27874,0.0
27875,0.0
27876,0.0
27877,0.0
27878,0.0
27879,0.0
27880,0.0
27881,0.0
27882,0.0
27883,0.0
27884,0.0
27885,0.0
27886,0.0
27887,0.0
27888,0.0
27889,0.0
27890,0.0
27891,0.0
27892,0.0
27893,0.0
27894,0.0
27895,0.0
27896,0.0
27897,0.0
27898,0.0
27899,0.0
27900,0.0
27901,0.0
27902,0.0
27903,0.0
27904,0.0
27905,0.0
27906,0.0
27907,0.0
27908,0.0
27909,0.0
27910,0.0
27911,0.0
27912,0.0
27913,0.0
27914,0.0
27915,0.0
27916,0.0
27917,0.0
27918,0.0
27919,0.0
27920,0.0
27921,0.0
27922,0.0
27923,0.0
27924,0.0
27925,0.0
27926,0.0
27927,0.0
27928,0.0
27929,0.0
27930,0.0
27931,0.0
27932,0.0
27933,0.0
27934,0.0
27935,0.0
27936,0.0
27937,0.0
27938,0.0
27939,0.0
27940,0.0
27941,0.0
27942,0.0
27943,0.0
27944,0.0
27945,0.0
27946,0.0
27947,0.0
27948,0.0
27949,0.0
27950,0.0
27951,0.0
27952,0.0
27953,0.0
27954,0.0
27955,0.0
27956,0.0
27957,0.0
27958,0.0
27959,0.0
27960,0.0
27961,0.0
27962,0.0
27963,0.0
27964,0.0
27965,0.0
27966,0.0
27967,0.0
27968,0.0
27969,0.0
27970,0.0
27971,0.0
27972,0.0
27973,0.0
27974,0.0
27975,0.0
27976,0.0
27977,0.0
27978,0.0
27979,0.0
27980,0.0
27981,0.0
27982,0.0
27983,0.0
27984,0.0
27985,0.0
27986,0.0
27987,0.0
27988,0.0
27989,0.0
27990,0.0
27991,0.0
27992,0.0
27993,0.0
27994,0.0
27995,0.0
27996,0.0
27997,0.0
27998,0.0
27999,0.0
28000,0.0
28001,0.0
28002,0.0
28003,0.0
28004,0.0
28005,0.0
28006,0.0
28007,0.0
28008,0.0
28009,0.0
28010,0.0
28011,0.0
28012,0.0
28013,0.0
28014,0.0
28015,0.0
28016,0.0
28017,0.0
28018,0.0
28019,0.0
28020,0.0
28021,0.0
28022,0.0
28023,0.0
28024,0.0
28025,0.0
28026,0.0
28027,0.0
28028,0.0
28029,0.0
28030,0.0
28031,0.0
28032,0.0
28033,0.0
28034,0.0
28035,0.0
28036,0.0
28037,0.0
28038,0.0
28039,0.0
28040,0.0
28041,0.0
28042,0.0
28043,0.0
28044,0.0
28045,0.0
28046,0.0
28047,0.0
28048,0.0
28049,0.0
28050,0.0
28051,0.0
28052,0.0
28053,0.0
28054,0.0
28055,0.0
28056,0.0
28057,0.0
28058,0.0
28059,0.0
28060,0.0
28061,0.0
28062,0.0
28063,0.0
28064,0.0
28065,0.0
28066,0.0
28067,0.0
28068,0.0
28069,0.0
28070,0.0
28071,0.0
28072,0.0
28073,0.0
28074,0.0
28075,0.0
28076,0.0
28077,0.0
28078,0.0
28079,0.0
28080,0.0
28081,0.0
28082,0.0
28083,0.0
28084,0.0
28085,0.0
28086,0.0
28087,0.0
28088,0.0
28089,0.0
28090,0.0
28091,0.0
28092,0.0
28093,0.0
28094,0.0
28095,0.0
28096,0.0
28097,0.0
28098,0.0
28099,0.0
28100,0.0
28101,0.0
28102,0.0
28103,0.0
28104,0.0
28105,0.0
28106,0.0
28107,0.0
28108,0.0
28109,0.0
28110,0.0
28111,0.0
28112,0.0
28113,0.0
28114,0.0
28115,0.0
28116,0.0
28117,0.0
28118,0.0
28119,0.0
28120,0.0
28121,0.0
28122,0.0
28123,0.0
28124,0.0
28125,0.0
28126,0.0
28127,0.0
28128,0.0
28129,0.0
28130,0.0
28131,0.0
28132,0.0
28133,0.0
28134,0.0
28135,0.0
28136,0.0
28137,0.0
28138,0.0
28139,0.0
28140,0.0
28141,0.0
28142,0.0
28143,0.0
28144,0.0
28145,0.0
28146,0.0
28147,0.0
28148,0.0
28149,0.0
28150,0.0
28151,0.0
28152,0.0
28153,0.0
28154,0.0
28155,0.0
28156,0.0
28157,0.0
28158,0.0
28159,0.0
28160,0.0
28161,0.0
28162,0.0
28163,0.0
28164,0.0
28165,0.0
28166,0.0
28167,0.0
28168,0.0
28169,0.0
28170,0.0
28171,0.0
28172,0.0
28173,0.0
28174,0.0
28175,0.0
28176,0.0
28177,0.0
28178,0.0
28179,0.0
28180,0.0
28181,0.0
28182,0.0
28183,0.0
28184,0.0
28185,0.0
28186,0.0
28187,0.0
28188,0.0
28189,0.0
28190,0.0
28191,0.0
28192,0.0
28193,0.0
28194,0.0
28195,0.0
28196,0.0
28197,0.0
28198,0.0
28199,0.0
28200,0.0
28201,0.0
28202,0.0
28203,0.0
28204,0.0
28205,0.0
28206,0.0
28207,0.0
28208,0.0
28209,0.0
28210,0.0
28211,0.0
28212,0.0
28213,0.0
28214,0.0
28215,0.0
28216,0.0
28217,0.0
28218,0.0
28219,0.0
28220,0.0
28221,0.0
28222,0.0
28223,0.0
28224,0.0
28225,0.0
28226,0.0
28227,0.0
28228,0.0
28229,0.0
28230,0.0
28231,0.0
28232,0.0
28233,0.0
28234,0.0
28235,0.0
28236,0.0
28237,0.0
28238,0.0
28239,0.0
28240,0.0
28241,0.0
28242,0.0
28243,0.0
28244,0.0
28245,0.0
28246,0.0
28247,0.0
28248,0.0
28249,0.0
28250,0.0
28251,0.0
28252,0.0
28253,0.0
28254,0.0
28255,0.0
28256,0.0
28257,0.0
28258,0.0
28259,0.0
28260,0.0
28261,0.0
28262,0.0
28263,0.0
28264,0.0
28265,0.0
28266,0.0
28267,0.0
28268,0.0
28269,0.0
28270,0.0
28271,0.0
28272,0.0
28273,0.0
28274,0.0
28275,0.0
28276,0.0
28277,0.0
28278,0.0
28279,0.0
28280,0.0
28281,0.0
28282,0.0
28283,0.0
28284,0.0
28285,0.0
28286,0.0
28287,0.0
28288,0.0
28289,0.0
28290,0.0
28291,0.0
28292,0.0
28293,0.0
28294,0.0
28295,0.0
28296,0.0
28297,0.0
28298,0.0
28299,0.0
28300,0.0
28301,0.0
28302,0.0
28303,0.0
28304,0.0
28305,0.0
28306,0.0
28307,0.0
28308,0.0
28309,0.0
28310,0.0
28311,0.0
28312,0.0
28313,0.0
28314,0.0
28315,0.0
28316,0.0
28317,0.0
28318,0.0
28319,0.0
28320,0.0
28321,0.0
28322,0.0
28323,0.0
28324,0.0
28325,0.0
28326,0.0
28327,0.0
28328,0.0
28329,0.0
28330,0.0
28331,0.0
28332,0.0
28333,0.0
28334,0.0
28335,0.0
28336,0.0
28337,0.0
28338,0.0
28339,0.0
28340,0.0
28341,0.0
28342,0.0
28343,0.0
28344,0.0
28345,0.0
28346,0.0
28347,0.0
28348,0.0
28349,0.0
28350,0.0
28351,0.0
28352,0.0
28353,0.0
28354,0.0
28355,0.0
28356,0.0
28357,0.0
28358,0.0
28359,0.0
28360,0.0
28361,0.0
28362,0.0
28363,0.0
28364,0.0
28365,0.0
28366,0.0
28367,0.0
28368,0.0
28369,0.0
28370,0.0
28371,0.0
28372,0.0
28373,0.0
28374,0.0
28375,0.0
28376,0.0
28377,0.0
28378,0.0
28379,0.0
28380,0.0
28381,0.0
28382,0.0
28383,0.0
28384,0.0
28385,0.0
28386,0.0
28387,0.0
28388,0.0
28389,0.0
28390,0.0
28391,0.0
28392,0.0
28393,0.0
28394,0.0
28395,0.0
28396,0.0
28397,0.0
28398,0.0
28399,0.0
28400,0.0
28401,0.0
28402,0.0
28403,0.0
28404,0.0
28405,0.0
28406,0.0
28407,0.0
28408,0.0
28409,0.0
28410,0.0
28411,0.0
28412,0.0
28413,0.0
28414,0.0
28415,0.0
28416,0.0
28417,0.0
28418,0.0
28419,0.0
28420,0.0
28421,0.0
28422,0.0
28423,0.0
28424,0.0
28425,0.0
28426,0.0
28427,0.0
28428,0.0
28429,0.0
28430,0.0
28431,0.0
28432,0.0
28433,0.0
28434,0.0
28435,0.0
28436,0.0
28437,0.0
28438,0.0
28439,0.0
28440,0.0
28441,0.0
28442,0.0
28443,0.0
28444,0.0
28445,0.0
28446,0.0
28447,0.0
28448,0.0
28449,0.0
28450,0.0
28451,0.0
28452,0.0
28453,0.0
28454,0.0
28455,0.0
28456,0.0
28457,0.0
28458,0.0
28459,0.0
28460,0.0
28461,0.0
28462,0.0
28463,0.0
28464,0.0
28465,0.0
28466,0.0
28467,0.0
28468,0.0
28469,0.0
28470,0.0
28471,0.0
28472,0.0
28473,0.0
28474,0.0
28475,0.0
28476,0.0
28477,0.0
28478,0.0
28479,0.0
28480,0.0
28481,0.0
28482,0.0
28483,0.0
28484,0.0
28485,0.0
28486,0.0
28487,0.0
28488,0.0
28489,0.0
28490,0.0
28491,0.0
28492,0.0
28493,0.0
28494,0.0
28495,0.0
28496,0.0
28497,0.0
28498,0.0
28499,0.0
28500,0.0
28501,0.0
28502,0.0
28503,0.0
28504,0.0
28505,0.0
28506,0.0
28507,0.0
28508,0.0
28509,0.0
28510,0.0
28511,0.0
28512,0.0
28513,0.0
28514,0.0
28515,0.0
28516,0.0
28517,0.0
28518,0.0
28519,0.0
28520,0.0
28521,0.0
28522,0.0
28523,0.0
28524,0.0
28525,0.0
28526,0.0
28527,0.0
28528,0.0
28529,0.0
28530,0.0
28531,0.0
28532,0.0
28533,0.0
28534,0.0
28535,0.0
28536,0.0
28537,0.0
28538,0.0
28539,0.0
28540,0.0
28541,0.0
28542,0.0
28543,0.0
28544,0.0
28545,0.0
28546,0.0
28547,0.0
28548,0.0
28549,0.0
28550,0.0
28551,0.0
28552,0.0
28553,0.0
28554,0.0
28555,0.0
28556,0.0
28557,0.0
28558,0.0
28559,0.0
28560,0.0
28561,0.0
28562,0.0
28563,0.0
28564,0.0
28565,0.0
28566,0.0
28567,0.0
28568,0.0
28569,0.0
28570,0.0
28571,0.0
28572,0.0
28573,0.0
28574,0.0
28575,0.0
28576,0.0
28577,0.0
28578,0.0
28579,0.0
28580,0.0
28581,0.0
28582,0.0
28583,0.0
28584,0.0
28585,0.0
28586,0.0
28587,0.0
28588,0.0
28589,0.0
28590,0.0
28591,0.0
28592,0.0
28593,0.0
28594,0.0
28595,0.0
28596,0.0
28597,0.0
28598,0.0
28599,0.0
28600,0.0
28601,0.0
28602,0.0
28603,0.0
28604,0.0
28605,0.0
28606,0.0
28607,0.0
28608,0.0
28609,0.0
28610,0.0
28611,0.0
28612,0.0
28613,0.0
28614,0.0
28615,0.0
28616,0.0
28617,0.0
28618,0.0
28619,0.0
28620,0.0
28621,0.0
28622,0.0
28623,0.0
28624,0.0
28625,0.0
28626,0.0
28627,0.0
28628,0.0
28629,0.0
28630,0.0
28631,0.0
28632,0.0
28633,0.0
28634,0.0
28635,0.0
28636,0.0
28637,0.0
28638,0.0
28639,0.0
28640,0.0
28641,0.0
28642,0.0
28643,0.0
28644,0.0
28645,0.0
28646,0.0
28647,0.0
28648,0.0
28649,0.0
28650,0.0
28651,0.0
28652,0.0
28653,0.0
28654,0.0
28655,0.0
28656,0.0
28657,0.0
28658,0.0
28659,0.0
28660,0.0
28661,0.0
28662,0.0
28663,0.0
28664,0.0
28665,0.0
28666,0.0
28667,0.0
28668,0.0
28669,0.0
28670,0.0
28671,0.0
28672,0.0
28673,0.0
28674,0.0
28675,0.0
28676,0.0
28677,0.0
28678,0.0
28679,0.0
28680,0.0
28681,0.0
28682,0.0
28683,0.0
28684,0.0
28685,0.0
28686,0.0
28687,0.0
28688,0.0
28689,0.0
28690,0.0
28691,0.0
28692,0.0
28693,0.0
28694,0.0
28695,0.0
28696,0.0
28697,0.0
28698,0.0
28699,0.0
28700,0.0
28701,0.0
28702,0.0
28703,0.0
28704,0.0
28705,0.0
28706,0.0
28707,0.0
28708,0.0
28709,0.0
28710,0.0
28711,0.0
28712,0.0
28713,0.0
28714,0.0
28715,0.0
28716,0.0
28717,0.0
28718,0.0
28719,0.0
28720,0.0
28721,0.0
28722,0.0
28723,0.0
28724,0.0
28725,0.0
28726,0.0
28727,0.0
28728,0.0
28729,0.0
28730,0.0
28731,0.0
28732,0.0
28733,0.0
28734,0.0
28735,0.0
28736,0.0
28737,0.0
28738,0.0
28739,0.0
28740,0.0
28741,0.0
28742,0.0
28743,0.0
28744,0.0
28745,0.0
28746,0.0
28747,0.0
28748,0.0
28749,0.0
28750,0.0
28751,0.0
28752,0.0
28753,0.0
28754,0.0
28755,0.0
28756,0.0
28757,0.0
28758,0.0
28759,0.0
28760,0.0
28761,0.0
28762,0.0
28763,0.0
28764,0.0
28765,0.0
28766,0.0
28767,0.0
28768,0.0
28769,0.0
28770,0.0
28771,0.0
28772,0.0
28773,0.0
28774,0.0
28775,0.0
28776,0.0
28777,0.0
28778,0.0
28779,0.0
28780,0.0
28781,0.0
28782,0.0
28783,0.0
28784,0.0
28785,0.0
28786,0.0
28787,0.0
28788,0.0
28789,0.0
28790,0.0
28791,0.0
28792,0.0
28793,0.0
28794,0.0
28795,0.0
28796,0.0
28797,0.0
28798,0.0
28799,0.0
28800,0.0
28801,0.0
28802,0.0
28803,0.0
28804,0.0
28805,0.0
28806,0.0
28807,0.0
28808,0.0
28809,0.0
28810,0.0
28811,0.0
28812,0.0
28813,0.0
28814,0.0
28815,0.0
28816,0.0
28817,0.0
28818,0.0
28819,0.0
28820,0.0
28821,0.0
28822,0.0
28823,0.0
28824,0.0
28825,0.0
28826,0.0
28827,0.0
28828,0.0
28829,0.0
28830,0.0
28831,0.0
28832,0.0
28833,0.0
28834,0.0
28835,0.0
28836,0.0
28837,0.0
28838,0.0
28839,0.0
28840,0.0
28841,0.0
28842,0.0
28843,0.0
28844,0.0
28845,0.0
28846,0.0
28847,0.0
28848,0.0
28849,0.0
28850,0.0
28851,0.0
28852,0.0
28853,0.0
28854,0.0
28855,0.0
28856,0.0
28857,0.0
28858,0.0
28859,0.0
28860,0.0
28861,0.0
28862,0.0
28863,0.0
28864,0.0
28865,0.0
28866,0.0
28867,0.0
28868,0.0
28869,0.0
28870,0.0
28871,0.0
28872,0.0
28873,0.0
28874,0.0
28875,0.0
28876,0.0
28877,0.0
28878,0.0
28879,0.0
28880,0.0
28881,0.0
28882,0.0
28883,0.0
28884,0.0
28885,0.0
28886,0.0
28887,0.0
28888,0.0
28889,0.0
28890,0.0
28891,0.0
28892,0.0
28893,0.0
28894,0.0
28895,0.0
28896,0.0
28897,0.0
28898,0.0
28899,0.0
28900,0.0
28901,0.0
28902,0.0
28903,0.0
28904,0.0
28905,0.0
28906,0.0
28907,0.0
28908,0.0
28909,0.0
28910,0.0
28911,0.0
28912,0.0
28913,0.0
28914,0.0
28915,0.0
28916,0.0
28917,0.0
28918,0.0
28919,0.0
28920,0.0
28921,0.0
28922,0.0
28923,0.0
28924,0.0
28925,0.0
28926,0.0
28927,0.0
28928,0.0
28929,0.0
28930,0.0
28931,0.0
28932,0.0
28933,0.0
28934,0.0
28935,0.0
28936,0.0
28937,0.0
28938,0.0
28939,0.0
28940,0.0
28941,0.0
28942,0.0
28943,0.0
28944,0.0
28945,0.0
28946,0.0
28947,0.0
28948,0.0
28949,0.0
28950,0.0
28951,0.0
28952,0.0
28953,0.0
28954,0.0
28955,0.0
28956,0.0
28957,0.0
28958,0.0
28959,0.0
28960,0.0
28961,0.0
28962,0.0
28963,0.0
28964,0.0
28965,0.0
28966,0.0
28967,0.0
28968,0.0
28969,0.0
28970,0.0
28971,0.0
28972,0.0
28973,0.0
28974,0.0
28975,0.0
28976,0.0
28977,0.0
28978,0.0
28979,0.0
28980,0.0
28981,0.0
28982,0.0
28983,0.0
28984,0.0
28985,0.0
28986,0.0
28987,0.0
28988,0.0
28989,0.0
28990,0.0
28991,0.0
28992,0.0
28993,0.0
28994,0.0
28995,0.0
28996,0.0
28997,0.0
28998,0.0
28999,0.0
29000,0.0
29001,0.0
29002,0.0
29003,0.0
29004,0.0
29005,0.0
29006,0.0
29007,0.0
29008,0.0
29009,0.0
29010,0.0
29011,0.0
29012,0.0
29013,0.0
29014,0.0
29015,0.0
29016,0.0
29017,0.0
29018,0.0
29019,0.0
29020,0.0
29021,0.0
29022,0.0
29023,0.0
29024,0.0
29025,0.0
29026,0.0
29027,0.0
29028,0.0
29029,0.0
29030,0.0
29031,0.0
29032,0.0
29033,0.0
29034,0.0
29035,0.0
29036,0.0
29037,0.0
29038,0.0
29039,0.0
29040,0.0
29041,0.0
29042,0.0
29043,0.0
29044,0.0
29045,0.0
29046,0.0
29047,0.0
29048,0.0
29049,0.0
29050,0.0
29051,0.0
29052,0.0
29053,0.0
29054,0.0
29055,0.0
29056,0.0
29057,0.0
29058,0.0
29059,0.0
29060,0.0
29061,0.0
29062,0.0
29063,0.0
29064,0.0
29065,0.0
29066,0.0
29067,0.0
29068,0.0
29069,0.0
29070,0.0
29071,0.0
29072,0.0
29073,0.0
29074,0.0
29075,0.0
29076,0.0
29077,0.0
29078,0.0
29079,0.0
29080,0.0
29081,0.0
29082,0.0
29083,0.0
29084,0.0
29085,0.0
29086,0.0
29087,0.0
29088,0.0
29089,0.0
29090,0.0
29091,0.0
29092,0.0
29093,0.0
29094,0.0
29095,0.0
29096,0.0
29097,0.0
29098,0.0
29099,0.0
29100,0.0
29101,0.0
29102,0.0
29103,0.0
29104,0.0
29105,0.0
29106,0.0
29107,0.0
29108,0.0
29109,0.0
29110,0.0
29111,0.0
29112,0.0
29113,0.0
29114,0.0
29115,0.0
29116,0.0
29117,0.0
29118,0.0
29119,0.0
29120,0.0
29121,0.0
29122,0.0
29123,0.0
29124,0.0
29125,0.0
29126,0.0
29127,0.0
29128,0.0
29129,0.0
29130,0.0
29131,0.0
29132,0.0
29133,0.0
29134,0.0
29135,0.0
29136,0.0
29137,0.0
29138,0.0
29139,0.0
29140,0.0
29141,0.0
29142,0.0
29143,0.0
29144,0.0
29145,0.0
29146,0.0
29147,0.0
29148,0.0
29149,0.0
29150,0.0
29151,0.0
29152,0.0
29153,0.0
29154,0.0
29155,0.0
29156,0.0
29157,0.0
29158,0.0
29159,0.0
29160,0.0
29161,0.0
29162,0.0
29163,0.0
29164,0.0
29165,0.0
29166,0.0
29167,0.0
29168,0.0
29169,0.0
29170,0.0
29171,0.0
29172,0.0
29173,0.0
29174,0.0
29175,0.0
29176,0.0
29177,0.0
29178,0.0
29179,0.0
29180,0.0
29181,0.0
29182,0.0
29183,0.0
29184,0.0
29185,0.0
29186,0.0
29187,0.0
29188,0.0
29189,0.0
29190,0.0
29191,0.0
29192,0.0
29193,0.0
29194,0.0
29195,0.0
29196,0.0
29197,0.0
29198,0.0
29199,0.0
29200,0.0
29201,0.0
29202,0.0
29203,0.0
29204,0.0
29205,0.0
29206,0.0
29207,0.0
29208,0.0
29209,0.0
29210,0.0
29211,0.0
29212,0.0
29213,0.0
29214,0.0
29215,0.0
29216,0.0
29217,0.0
29218,0.0
29219,0.0
29220,0.0
29221,0.0
29222,0.0
29223,0.0
29224,0.0
29225,0.0
29226,0.0
29227,0.0
29228,0.0
29229,0.0
29230,0.0
29231,0.0
29232,0.0
29233,0.0
29234,0.0
29235,0.0
29236,0.0
29237,0.0
29238,0.0
29239,0.0
29240,0.0
29241,0.0
29242,0.0
29243,0.0
29244,0.0
29245,0.0
29246,0.0
29247,0.0
29248,0.0
29249,0.0
29250,0.0
29251,0.0
29252,0.0
29253,0.0
29254,0.0
29255,0.0
29256,0.0
29257,0.0
29258,0.0
29259,0.0
29260,0.0
29261,0.0
29262,0.0
29263,0.0
29264,0.0
29265,0.0
29266,0.0
29267,0.0
29268,0.0
29269,0.0
29270,0.0
29271,0.0
29272,0.0
29273,0.0
29274,0.0
29275,0.0
29276,0.0
29277,0.0
29278,0.0
29279,0.0
29280,0.0
29281,0.0
29282,0.0
29283,0.0
29284,0.0
29285,0.0
29286,0.0
29287,0.0
29288,0.0
29289,0.0
29290,0.0
29291,0.0
29292,0.0
29293,0.0
29294,0.0
29295,0.0
29296,0.0
29297,0.0
29298,0.0
29299,0.0
29300,0.0
29301,0.0
29302,0.0
29303,0.0
29304,0.0
29305,0.0
29306,0.0
29307,0.0
29308,0.0
29309,0.0
29310,0.0
29311,0.0
29312,0.0
29313,0.0
29314,0.0
29315,0.0
29316,0.0
29317,0.0
29318,0.0
29319,0.0
29320,0.0
29321,0.0
29322,0.0
29323,0.0
29324,0.0
29325,0.0
29326,0.0
29327,0.0
29328,0.0
29329,0.0
29330,0.0
29331,0.0
29332,0.0
29333,0.0
29334,0.0
29335,0.0
29336,0.0
29337,0.0
29338,0.0
29339,0.0
29340,0.0
29341,0.0
29342,0.0
29343,0.0
29344,0.0
29345,0.0
29346,0.0
29347,0.0
29348,0.0
29349,0.0
29350,0.0
29351,0.0
29352,0.0
29353,0.0
29354,0.0
29355,0.0
29356,0.0
29357,0.0
29358,0.0
29359,0.0
29360,0.0
29361,0.0
29362,0.0
29363,0.0
29364,0.0
29365,0.0
29366,0.0
29367,0.0
29368,0.0
29369,0.0
29370,0.0
29371,0.0
29372,0.0
29373,0.0
29374,0.0
29375,0.0
29376,0.0
29377,0.0
29378,0.0
29379,0.0
29380,0.0
29381,0.0
29382,0.0
29383,0.0
29384,0.0
29385,11.31777768
29386,12.34666656
29387,13.37555544
29388,14.40444432
29389,13.37555544
29390,12.861111
29391,12.861111
29392,13.88999988
29393,12.34666656
29394,14.40444432
29395,13.37555544
29396,12.861111
29397,14.40444432
29398,13.37555544
29399,12.861111
29400,12.861111
29401,0.0
29402,13.37555544
29403,0.0
29404,12.34666656
29405,0.0
29406,0.0
29407,0.0
29408,0.0
29409,0.0
29410,0.0
29411,0.0
29412,0.0
29413,0.0
29414,0.0
29415,0.0
29416,0.0
29417,0.0
29418,0.0
29419,0.0
29420,0.0
29421,0.0
29422,0.0
29423,0.0
29424,0.0
29425,0.0
29426,0.0
29427,0.0
29428,0.0
29429,0.0
29430,0.0
29431,0.0
29432,0.0
29433,0.0
29434,0.0
29435,0.0
29436,0.0
29437,0.0
29438,0.0
29439,0.0
29440,0.0
29441,0.0
29442,0.0
29443,0.0
29444,0.0
29445,0.0
29446,0.0
29447,0.0
29448,0.0
29449,0.0
29450,0.0
29451,0.0
29452,0.0
29453,0.0
29454,0.0
29455,0.0
29456,0.0
29457,0.0
29458,0.0
29459,0.0
29460,0.0
29461,0.0
29462,0.0
29463,0.0
29464,0.0
29465,0.0
29466,0.0
29467,0.0
29468,0.0
29469,0.0
29470,0.0
29471,0.0
29472,0.0
29473,0.0
29474,0.0
29475,0.0
29476,0.0
29477,0.0
29478,0.0
29479,0.0
29480,0.0
29481,0.0
29482,0.0
29483,0.0
29484,0.0
29485,0.0
29486,0.0
29487,0.0
29488,0.0
29489,0.0
29490,0.0
29491,0.0
29492,0.0
29493,0.0
29494,0.0
29495,0.0
29496,0.0
29497,0.0
29498,0.0
29499,0.0
29500,0.0
29501,0.0
29502,0.0
29503,0.0
29504,0.0
29505,0.0
29506,0.0
29507,0.0
29508,0.0
29509,0.0
29510,0.0
29511,0.0
29512,0.0
29513,0.0
29514,0.0
29515,0.0
29516,0.0
29517,0.0
29518,0.0
29519,0.0
29520,0.0
29521,0.0
29522,0.0
29523,0.0
29524,0.0
29525,0.0
29526,0.0
29527,0.0
29528,0.0
29529,0.0
29530,0.0
29531,0.0
29532,0.0
29533,0.0
29534,0.0
29535,0.0
29536,0.0
29537,0.0
29538,0.0
29539,0.0
29540,0.0
29541,0.0
29542,0.0
29543,0.0
29544,0.0
29545,0.0
29546,0.0
29547,0.0
29548,0.0
29549,0.0
29550,0.0
29551,0.0
29552,0.0
29553,0.0
29554,0.0
29555,0.0
29556,0.0
29557,0.0
29558,0.0
29559,0.0
29560,0.0
29561,0.0
29562,0.0
29563,0.0
29564,0.0
29565,0.0
29566,0.0
29567,0.0
29568,0.0
29569,0.0
29570,0.0
29571,0.0
29572,0.0
29573,0.0
29574,0.0
29575,0.0
29576,0.0
29577,0.0
29578,0.0
29579,0.0
29580,0.0
29581,0.0
29582,0.0
29583,0.0
29584,0.0
29585,0.0
29586,0.0
29587,0.0
29588,0.0
29589,0.0
29590,0.0
29591,0.0
29592,0.0
29593,0.0
29594,0.0
29595,0.0
29596,0.0
29597,0.0
29598,0.0
29599,0.0
29600,0.0
29601,0.0
29602,0.0
29603,0.0
29604,0.0
29605,0.0
29606,0.0
29607,0.0
29608,0.0
29609,0.0
29610,0.0
29611,0.0
29612,0.0
29613,0.0
29614,0.0
29615,0.0
29616,0.0
29617,0.0
29618,0.0
29619,0.0
29620,0.0
29621,0.0
29622,0.0
29623,0.0
29624,0.0
29625,0.0
29626,14.91888876
29627,15.4333332
29628,15.4333332
29629,14.40444432
29630,14.40444432
29631,15.4333332
29632,15.94777764
29633,16.46222208
29634,16.46222208
29635,16.46222208
29636,15.94777764
29637,15.94777764
29638,16.46222208
29639,16.46222208
29640,16.46222208
29641,16.46222208
29642,16.46222208
29643,17.49111096
29644,18.0055554
29645,18.51999984
29646,19.03444428
29647,19.54888872
29648,20.06333316
29649,21.09222204
29650,22.12111092
29651,23.1499998
29652,24.17888868
29653,25.722222
29654,26.23666644
29655,27.77999976
29656,28.2944442
29657,29.32333308
29658,31.38111084
29659,32.40999972
29660,32.40999972
29661,33.4388886
29662,35.49666636
29663,38.583333
29664,40.12666632
29665,39.61222188
29666,41.1555552
29667,42.69888852
29668,42.69888852
29669,43.7277774
29670,44.24222184
29671,45.27111072
29672,46.2999996
29673,46.2999996
29674,46.2999996
29675,47.84333292
29676,48.8722218
29677,49.38666624
29678,49.38666624
29679,48.8722218
29680,49.90111068
29681,49.90111068
29682,49.38666624
29683,49.90111068
29684,49.90111068
29685,49.38666624
29686,49.38666624
29687,48.8722218
29688,49.38666624
29689,48.8722218
29690,49.38666624
29691,48.8722218
29692,49.38666624
29693,49.90111068
29694,50.92999956
29695,51.444444
29696,51.95888844
29697,51.95888844
29698,52.47333288
29699,54.53111064
29700,54.0166662
29701,54.0166662
29702,54.0166662
29703,55.55999952
29704,55.55999952
29705,56.07444396
29706,55.55999952
29707,55.55999952
29708,56.07444396
29709,56.07444396
29710,55.55999952
29711,56.07444396
29712,55.55999952
29713,55.55999952
29714,56.5888884
29715,55.55999952
29716,53.50222176
29717,53.50222176
29718,52.47333288
29719,54.53111064
29720,53.50222176
29721,53.50222176
29722,54.53111064
29723,54.53111064
29724,54.53111064
29725,55.55999952
29726,58.13222172
29727,59.1611106
29728,60.18999948
29729,61.21888836
29730,61.21888836
29731,62.24777724
29732,61.21888836
29733,61.21888836
29734,60.70444392
29735,59.67555504
29736,59.67555504
29737,59.67555504
29738,59.67555504
29739,59.67555504
29740,60.70444392
29741,60.70444392
29742,61.21888836
29743,60.70444392
29744,59.1611106
29745,59.1611106
29746,58.64666616
29747,58.13222172
29748,58.13222172
29749,58.13222172
29750,58.64666616
29751,58.13222172
29752,59.1611106
29753,59.1611106
29754,58.13222172
29755,58.13222172
29756,58.13222172
29757,58.13222172
29758,58.64666616
29759,58.64666616
29760,57.10333284
29761,57.10333284
29762,56.5888884
29763,57.61777728
29764,57.61777728
29765,56.5888884
29766,56.5888884
29767,55.55999952
29768,56.5888884
29769,57.61777728
29770,58.13222172
29771,57.61777728
29772,57.61777728
29773,57.61777728
29774,58.13222172
29775,59.67555504
29776,59.1611106
29777,59.1611106
29778,60.18999948
29779,61.7333328
29780,60.70444392
29781,60.70444392
29782,60.18999948
29783,60.70444392
29784,60.70444392
29785,60.70444392
29786,60.70444392
29787,60.70444392
29788,62.24777724
29789,60.70444392
29790,60.70444392
29791,60.70444392
29792,60.70444392
29793,61.21888836
29794,61.21888836
29795,61.21888836
29796,62.24777724
29797,63.27666612
29798,63.79111056
29799,63.79111056
29800,62.24777724
29801,62.76222168
29802,62.76222168
29803,62.76222168
29804,63.79111056
29805,63.79111056
29806,62.76222168
29807,62.24777724
29808,62.76222168
29809,61.21888836
29810,61.7333328
29811,60.70444392
29812,61.21888836
29813,61.21888836
29814,60.18999948
29815,61.21888836
29816,62.24777724
29817,60.70444392
29818,60.18999948
29819,59.1611106
29820,57.61777728
29821,57.61777728
29822,56.07444396
29823,56.07444396
29824,58.13222172
29825,59.67555504
29826,63.79111056
29827,61.21888836
29828,60.18999948
29829,58.64666616
29830,57.61777728
29831,56.5888884
29832,56.07444396
29833,55.55999952
29834,55.04555508
29835,54.0166662
29836,54.53111064
29837,55.04555508
29838,55.04555508
29839,54.0166662
29840,54.53111064
29841,54.53111064
29842,54.53111064
29843,56.07444396
29844,55.55999952
29845,57.10333284
29846,58.13222172
29847,58.13222172
29848,58.13222172
29849,58.13222172
29850,57.10333284
29851,57.10333284
29852,57.10333284
29853,57.10333284
29854,59.67555504
29855,59.67555504
29856,58.64666616
29857,58.64666616
29858,58.64666616
29859,57.10333284
29860,56.5888884
29861,57.61777728
29862,57.61777728
29863,57.61777728
29864,57.61777728
29865,57.61777728
29866,56.5888884
29867,56.5888884
29868,56.5888884
29869,56.07444396
29870,56.07444396
29871,56.07444396
29872,56.07444396
29873,56.07444396
29874,55.55999952
29875,56.07444396
29876,56.07444396
29877,56.07444396
29878,56.07444396
29879,56.07444396
29880,56.07444396
29881,55.55999952
29882,56.07444396
29883,56.5888884
29884,56.07444396
29885,56.07444396
29886,56.07444396
29887,56.5888884
29888,57.10333284
29889,57.10333284
29890,57.10333284
29891,57.10333284
29892,57.61777728
29893,58.13222172
29894,58.64666616
29895,58.64666616
29896,58.64666616
29897,58.64666616
29898,59.1611106
29899,59.1611106
29900,59.1611106
29901,59.1611106
29902,59.1611106
29903,59.67555504
29904,59.67555504
29905,60.18999948
29906,59.67555504
29907,59.67555504
29908,59.67555504
29909,59.67555504
29910,59.67555504
29911,59.67555504
29912,60.18999948
29913,59.67555504
29914,60.18999948
29915,60.18999948
29916,59.67555504
29917,60.18999948
29918,60.70444392
29919,60.18999948
29920,60.18999948
29921,60.70444392
29922,60.70444392
29923,60.70444392
29924,60.70444392
29925,59.67555504
29926,59.67555504
29927,59.67555504
29928,59.67555504
29929,59.67555504
29930,59.67555504
29931,59.67555504
29932,60.18999948
29933,59.67555504
29934,59.1611106
29935,59.67555504
29936,59.67555504
29937,59.1611106
29938,59.1611106
29939,59.1611106
29940,59.67555504
29941,60.18999948
29942,60.18999948
29943,60.70444392
29944,61.21888836
29945,61.21888836
29946,61.7333328
29947,61.7333328
29948,61.21888836
29949,61.21888836
29950,61.21888836
29951,61.21888836
29952,61.21888836
29953,61.7333328
29954,61.7333328
29955,62.24777724
29956,63.27666612
29957,63.27666612
29958,63.27666612
29959,63.27666612
29960,63.27666612
29961,62.76222168
29962,62.24777724
29963,61.21888836
29964,61.21888836
29965,61.7333328
29966,62.24777724
29967,60.18999948
29968,59.67555504
29969,59.67555504
29970,60.18999948
29971,59.67555504
29972,59.1611106
29973,58.64666616
29974,58.13222172
29975,58.13222172
29976,57.61777728
29977,57.10333284
29978,57.10333284
29979,57.10333284
29980,57.10333284
29981,57.10333284
29982,58.64666616
29983,58.13222172
29984,58.13222172
29985,58.13222172
29986,58.13222172
29987,58.13222172
29988,57.10333284
29989,58.64666616
29990,59.67555504
29991,58.64666616
29992,58.64666616
29993,58.64666616
29994,58.64666616
29995,58.64666616
29996,58.64666616
29997,58.64666616
29998,59.1611106
29999,59.1611106
30000,59.1611106
30001,59.1611106
30002,58.64666616
30003,57.61777728
30004,57.61777728
30005,57.61777728
30006,57.61777728
30007,57.61777728
30008,57.61777728
30009,57.61777728
30010,57.61777728
30011,57.10333284
30012,57.10333284
30013,57.61777728
30014,57.61777728
30015,57.61777728
30016,58.64666616
30017,58.64666616
30018,58.13222172
30019,58.13222172
30020,58.13222172
30021,57.61777728
30022,57.61777728
30023,57.61777728
30024,58.13222172
30025,58.13222172
30026,58.64666616
30027,58.64666616
30028,58.64666616
30029,59.1611106
30030,60.18999948
30031,60.18999948
30032,60.18999948
30033,61.21888836
30034,60.18999948
30035,61.21888836
30036,61.21888836
30037,61.21888836
30038,61.21888836
30039,61.21888836
30040,61.21888836
30041,61.21888836
30042,61.21888836
30043,61.21888836
30044,61.21888836
30045,61.21888836
30046,60.70444392
30047,60.70444392
30048,60.70444392
30049,60.70444392
30050,60.70444392
30051,60.70444392
30052,60.18999948
30053,59.67555504
30054,59.67555504
30055,59.67555504
30056,59.67555504
30057,59.67555504
30058,59.67555504
30059,59.67555504
30060,59.67555504
30061,59.67555504
30062,59.67555504
30063,59.67555504
30064,59.67555504
30065,59.1611106
30066,59.1611106
30067,59.1611106
30068,58.64666616
30069,58.64666616
30070,59.1611106
30071,59.1611106
30072,59.1611106
30073,59.1611106
30074,58.13222172
30075,57.61777728
30076,57.61777728
30077,57.10333284
30078,57.10333284
30079,57.10333284
30080,56.5888884
30081,57.10333284
30082,57.10333284
30083,57.10333284
30084,57.10333284
30085,57.10333284
30086,57.10333284
30087,57.10333284
30088,57.10333284
30089,57.10333284
30090,57.10333284
30091,57.10333284
30092,57.10333284
30093,57.61777728
30094,58.64666616
30095,58.64666616
30096,58.64666616
30097,59.1611106
30098,59.1611106
30099,59.1611106
30100,59.1611106
30101,59.1611106
30102,59.67555504
30103,59.67555504
30104,59.67555504
30105,59.67555504
30106,60.18999948
30107,60.70444392
30108,60.70444392
30109,60.70444392
30110,61.21888836
30111,62.24777724
30112,62.24777724
30113,62.76222168
30114,62.76222168
30115,62.76222168
30116,62.76222168
30117,63.27666612
30118,63.79111056
30119,63.79111056
30120,63.79111056
30121,63.79111056
30122,64.305555
30123,64.81999944
30124,64.81999944
30125,64.81999944
30126,64.305555
30127,64.305555
30128,64.305555
30129,64.81999944
30130,64.81999944
30131,64.81999944
30132,64.81999944
30133,63.79111056
30134,63.79111056
30135,63.27666612
30136,63.27666612
30137,62.76222168
30138,62.76222168
30139,63.79111056
30140,63.79111056
30141,63.79111056
30142,62.76222168
30143,62.76222168
30144,62.76222168
30145,62.24777724
30146,63.79111056
30147,64.305555
30148,63.79111056
30149,64.81999944
30150,65.33444388
30151,65.84888832
30152,65.33444388
30153,65.33444388
30154,65.33444388
30155,65.84888832
30156,65.84888832
30157,65.84888832
30158,65.84888832
30159,66.36333276
30160,67.90666608
30161,69.96444384
30162,70.47888828
30163,70.47888828
30164,71.50777716
30165,72.0222216
30166,72.53666604
30167,73.56555492
30168,74.07999936
30169,74.07999936
30170,74.07999936
30171,74.07999936
30172,74.07999936
30173,75.10888824
30174,75.10888824
30175,75.10888824
30176,75.10888824
30177,75.62333268
30178,76.13777712
30179,76.13777712
30180,77.166666
30181,77.166666
30182,77.166666
30183,77.68111044
30184,78.70999932
30185,78.70999932
30186,79.22444376
30187,79.22444376
30188,79.22444376
30189,79.22444376
30190,79.22444376
30191,79.22444376
30192,79.22444376
30193,79.7388882
30194,79.22444376
30195,79.7388882
30196,79.7388882
30197,80.25333264
30198,80.25333264
30199,80.25333264
30200,80.25333264
30201,80.25333264
30202,80.25333264
30203,80.25333264
30204,80.25333264
30205,80.25333264
30206,80.25333264
30207,80.76777708
30208,80.76777708
30209,80.76777708
30210,80.76777708
30211,80.76777708
30212,80.76777708
30213,80.76777708
30214,81.28222152000001
30215,82.3111104
30216,82.3111104
30217,83.33999928
30218,83.85444372
30219,83.33999928
30220,83.85444372
30221,84.36888816
30222,84.36888816
30223,84.36888816
30224,84.36888816
30225,84.36888816
30226,84.36888816
30227,83.85444372
30228,83.85444372
30229,83.33999928
30230,83.33999928
30231,82.82555484
30232,82.3111104
30233,81.28222152000001
30234,82.3111104
30235,81.79666596
30236,81.28222152000001
30237,81.79666596
30238,81.79666596
30239,81.28222152000001
30240,80.76777708
30241,80.76777708
30242,80.76777708
30243,80.76777708
30244,80.76777708
30245,80.76777708
30246,80.76777708
30247,81.79666596
30248,82.3111104
30249,82.3111104
30250,82.82555484
30251,83.33999928
30252,83.33999928
30253,84.36888816
30254,84.36888816
30255,84.36888816
30256,84.36888816
30257,84.8833326
30258,84.36888816
30259,83.33999928
30260,83.33999928
30261,83.33999928
30262,82.82555484
30263,82.82555484
30264,82.3111104
30265,82.3111104
30266,82.3111104
30267,82.3111104
30268,81.79666596
30269,81.79666596
30270,81.79666596
30271,81.79666596
30272,82.3111104
30273,82.3111104
30274,82.3111104
30275,82.3111104
30276,82.82555484
30277,83.33999928
30278,83.33999928
30279,83.33999928
30280,83.33999928
30281,83.33999928
30282,83.33999928
30283,83.33999928
30284,82.82555484
30285,82.82555484
30286,82.82555484
30287,82.82555484
30288,82.82555484
30289,82.3111104
30290,82.3111104
30291,82.3111104
30292,81.79666596
30293,81.79666596
30294,81.28222152000001
30295,81.28222152000001
30296,81.28222152000001
30297,81.79666596
30298,82.3111104
30299,82.3111104
30300,82.3111104
30301,82.82555484
30302,83.85444372
30303,82.82555484
30304,84.36888816
30305,84.36888816
30306,84.36888816
30307,83.85444372
30308,84.36888816
30309,84.36888816
30310,84.36888816
30311,84.36888816
30312,84.36888816
30313,84.8833326
30314,84.8833326
30315,84.8833326
30316,84.8833326
30317,85.91222148
30318,85.91222148
30319,85.91222148
30320,85.91222148
30321,85.91222148
30322,85.91222148
30323,85.91222148
30324,85.91222148
30325,85.91222148
30326,85.91222148
30327,85.91222148
30328,85.91222148
30329,84.8833326
30330,84.36888816
30331,84.36888816
30332,84.36888816
30333,84.36888816
30334,84.36888816
30335,83.85444372
30336,83.85444372
30337,83.85444372
30338,82.82555484
30339,83.85444372
30340,83.85444372
30341,84.36888816
30342,84.8833326
30343,85.91222148
30344,85.91222148
30345,85.91222148
30346,87.4555548
30347,87.4555548
30348,86.94111036
30349,86.94111036
30350,86.94111036
30351,86.94111036
30352,86.94111036
30353,88.48444368
30354,87.4555548
30355,87.4555548
30356,87.4555548
30357,87.4555548
30358,87.4555548
30359,87.4555548
30360,87.4555548
30361,87.4555548
30362,87.4555548
30363,87.4555548
30364,87.4555548
30365,87.4555548
30366,87.4555548
30367,87.4555548
30368,88.48444368
30369,88.99888812
30370,88.99888812
30371,89.51333256
30372,89.51333256
30373,89.51333256
30374,90.027777
30375,90.027777
30376,90.027777
30377,90.027777
30378,90.027777
30379,90.027777
30380,89.51333256
30381,89.51333256
30382,88.99888812
30383,88.99888812
30384,87.96999924
30385,88.99888812
30386,88.99888812
30387,88.99888812
30388,88.99888812
30389,88.99888812
30390,88.99888812
30391,89.51333256
30392,89.51333256
30393,90.027777
30394,90.54222144
30395,90.54222144
30396,91.05666588
30397,91.05666588
30398,91.57111032
30399,92.08555476
30400,92.08555476
30401,92.5999992
30402,93.11444364
30403,93.62888808
30404,94.14333252
30405,94.14333252
30406,94.65777696
30407,94.65777696
30408,95.1722214
30409,95.1722214
30410,95.68666584
30411,95.1722214
30412,95.1722214
30413,95.1722214
30414,95.1722214
30415,94.65777696
30416,94.65777696
30417,94.65777696
30418,94.65777696
30419,94.65777696
30420,93.62888808
30421,92.5999992
30422,92.08555476
30423,91.57111032
30424,91.05666588
30425,91.05666588
30426,91.05666588
30427,91.05666588
30428,91.05666588
30429,91.05666588
30430,90.54222144
30431,90.54222144
30432,90.54222144
30433,91.05666588
30434,91.05666588
30435,91.05666588
30436,91.05666588
30437,91.05666588
30438,91.05666588
30439,91.57111032
30440,91.05666588
30441,91.05666588
30442,91.57111032
30443,91.57111032
30444,91.57111032
30445,91.05666588
30446,90.54222144
30447,90.54222144
30448,89.51333256
30449,88.99888812
30450,87.96999924
30451,87.96999924
30452,87.96999924
30453,87.4555548
30454,86.42666592
30455,86.42666592
30456,86.42666592
30457,86.42666592
30458,86.42666592
30459,86.42666592
30460,86.42666592
30461,86.42666592
30462,86.42666592
30463,86.42666592
30464,86.42666592
30465,86.42666592
30466,86.42666592
30467,86.42666592
30468,86.42666592
30469,86.42666592
30470,87.4555548
30471,87.4555548
30472,87.4555548
30473,87.4555548
30474,87.96999924
30475,87.96999924
30476,87.4555548
30477,87.4555548
30478,87.4555548
30479,87.4555548
30480,86.94111036
30481,86.42666592
30482,85.91222148
30483,85.91222148
30484,85.91222148
30485,85.39777704
30486,85.39777704
30487,84.36888816
30488,84.36888816
30489,84.36888816
30490,84.36888816
30491,84.36888816
30492,84.36888816
30493,83.85444372
30494,83.85444372
30495,83.33999928
30496,83.33999928
30497,82.82555484
30498,82.82555484
30499,82.82555484
30500,82.3111104
30501,81.28222152000001
30502,81.79666596
30503,81.28222152000001
30504,81.79666596
30505,81.28222152000001
30506,81.28222152000001
30507,80.76777708
30508,80.76777708
30509,80.76777708
30510,80.76777708
30511,80.76777708
30512,80.76777708
30513,80.76777708
30514,80.76777708
30515,80.76777708
30516,80.76777708
30517,80.76777708
30518,80.76777708
30519,80.76777708
30520,80.76777708
30521,80.76777708
30522,80.25333264
30523,80.76777708
30524,80.76777708
30525,81.28222152000001
30526,81.28222152000001
30527,81.28222152000001
30528,81.28222152000001
30529,81.79666596
30530,81.79666596
30531,81.79666596
30532,81.28222152000001
30533,81.28222152000001
30534,81.28222152000001
30535,81.28222152000001
30536,81.28222152000001
30537,80.76777708
30538,81.28222152000001
30539,81.28222152000001
30540,81.79666596
30541,81.79666596
30542,82.3111104
30543,82.3111104
30544,82.3111104
30545,82.3111104
30546,82.3111104
30547,82.3111104
30548,82.82555484
30549,82.82555484
30550,83.33999928
30551,83.85444372
30552,83.85444372
30553,83.85444372
30554,84.36888816
30555,84.36888816
30556,84.36888816
30557,84.36888816
30558,84.36888816
30559,83.85444372
30560,83.85444372
30561,82.82555484
30562,83.33999928
30563,83.33999928
30564,83.33999928
30565,83.33999928
30566,83.33999928
30567,82.3111104
30568,82.3111104
30569,82.3111104
30570,81.79666596
30571,81.79666596
30572,80.76777708
30573,79.7388882
30574,78.70999932
30575,78.70999932
30576,78.70999932
30577,77.68111044
30578,77.166666
30579,76.13777712
30580,75.62333268
30581,75.10888824
30582,75.62333268
30583,75.62333268
30584,75.62333268
30585,75.62333268
30586,75.10888824
30587,75.10888824
30588,74.07999936
30589,74.07999936
30590,75.10888824
30591,75.10888824
30592,74.07999936
30593,74.07999936
30594,73.56555492
30595,73.56555492
30596,73.56555492
30597,73.56555492
30598,73.56555492
30599,73.56555492
30600,73.56555492
30601,73.56555492
30602,73.56555492
30603,73.56555492
30604,72.53666604
30605,72.0222216
30606,72.0222216
30607,72.0222216
30608,72.0222216
30609,72.0222216
30610,72.0222216
30611,72.0222216
30612,71.50777716
30613,71.50777716
30614,71.50777716
30615,71.50777716
30616,71.50777716
30617,70.47888828
30618,70.47888828
30619,70.47888828
30620,70.47888828
30621,70.47888828
30622,69.96444384
30623,69.96444384
30624,69.96444384
30625,68.93555496
30626,68.93555496
30627,68.42111052
30628,68.42111052
30629,68.42111052
30630,68.42111052
30631,68.42111052
30632,68.42111052
30633,68.42111052
30634,68.42111052
30635,68.42111052
30636,68.42111052
30637,68.93555496
30638,68.93555496
30639,68.93555496
30640,68.42111052
30641,68.42111052
30642,67.90666608
30643,67.39222164
30644,67.39222164
30645,66.8777772
30646,66.8777772
30647,66.8777772
30648,66.36333276
30649,66.36333276
30650,65.84888832
30651,65.33444388
30652,65.33444388
30653,65.33444388
30654,65.33444388
30655,64.81999944
30656,64.305555
30657,63.79111056
30658,63.79111056
30659,63.79111056
30660,62.76222168
30661,62.76222168
30662,62.24777724
30663,62.24777724
30664,62.24777724
30665,61.7333328
30666,61.7333328
30667,61.21888836
30668,61.21888836
30669,61.21888836
30670,61.21888836
30671,61.21888836
30672,61.21888836
30673,61.21888836
30674,61.21888836
30675,61.21888836
30676,61.21888836
30677,61.21888836
30678,61.21888836
30679,61.21888836
30680,61.7333328
30681,62.24777724
30682,62.24777724
30683,62.24777724
30684,62.24777724
30685,62.24777724
30686,62.24777724
30687,62.76222168
30688,62.76222168
30689,62.76222168
30690,62.76222168
30691,62.76222168
30692,62.76222168
30693,62.76222168
30694,63.27666612
30695,63.27666612
30696,63.79111056
30697,63.79111056
30698,63.79111056
30699,63.79111056
30700,64.305555
30701,65.33444388
30702,65.84888832
30703,65.84888832
30704,65.84888832
30705,65.84888832
30706,66.8777772
30707,66.8777772
30708,66.8777772
30709,67.39222164
30710,67.39222164
30711,67.39222164
30712,67.39222164
30713,67.90666608
30714,67.90666608
30715,67.90666608
30716,67.90666608
30717,67.90666608
30718,67.90666608
30719,67.90666608
30720,67.90666608
30721,67.90666608
30722,67.90666608
30723,67.90666608
30724,67.90666608
30725,67.90666608
30726,68.42111052
30727,68.42111052
30728,68.42111052
30729,68.42111052
30730,68.42111052
30731,68.42111052
30732,68.42111052
30733,68.42111052
30734,68.42111052
30735,68.42111052
30736,68.42111052
30737,68.42111052
30738,68.42111052
30739,68.42111052
30740,68.42111052
30741,68.42111052
30742,68.42111052
30743,68.42111052
30744,68.42111052
30745,68.42111052
30746,68.42111052
30747,68.42111052
30748,68.42111052
30749,68.42111052
30750,68.42111052
30751,68.42111052
30752,68.42111052
30753,68.42111052
30754,68.42111052
30755,67.90666608
30756,67.90666608
30757,67.90666608
30758,67.90666608
30759,67.90666608
30760,67.90666608
30761,67.90666608
30762,67.90666608
30763,67.90666608
30764,67.90666608
30765,67.90666608
30766,67.90666608
30767,67.90666608
30768,67.90666608
30769,67.90666608
30770,67.90666608
30771,67.90666608
30772,67.90666608
30773,68.42111052
30774,68.93555496
30775,68.93555496
30776,68.93555496
30777,68.93555496
30778,68.93555496
30779,69.4499994
30780,69.4499994
30781,69.96444384
30782,69.96444384
30783,69.96444384
30784,70.47888828
30785,70.47888828
30786,70.47888828
30787,70.99333272
30788,70.47888828
30789,70.47888828
30790,70.47888828
30791,70.99333272
30792,70.99333272
30793,70.99333272
30794,72.0222216
30795,72.0222216
30796,72.0222216
30797,73.05111048
30798,74.07999936
30799,74.07999936
30800,74.07999936
30801,74.07999936
30802,74.07999936
30803,74.07999936
30804,74.07999936
30805,74.07999936
30806,74.07999936
30807,74.07999936
30808,73.56555492
30809,73.05111048
30810,72.0222216
30811,72.0222216
30812,71.50777716
30813,70.99333272
30814,70.47888828
30815,70.47888828
30816,69.96444384
30817,69.96444384
30818,69.4499994
30819,69.4499994
30820,68.93555496
30821,68.93555496
30822,68.42111052
30823,67.39222164
30824,67.39222164
30825,67.39222164
30826,67.39222164
30827,67.39222164
30828,66.8777772
30829,65.84888832
30830,65.84888832
30831,65.84888832
30832,65.84888832
30833,65.33444388
30834,65.33444388
30835,64.305555
30836,64.305555
30837,64.305555
30838,63.79111056
30839,63.79111056
30840,63.79111056
30841,63.27666612
30842,63.27666612
30843,63.27666612
30844,63.27666612
30845,62.76222168
30846,62.76222168
30847,63.27666612
30848,63.27666612
30849,63.27666612
30850,62.76222168
30851,62.76222168
30852,62.76222168
30853,62.76222168
30854,62.76222168
30855,63.27666612
30856,63.27666612
30857,63.27666612
30858,63.27666612
30859,63.27666612
30860,63.27666612
30861,63.79111056
30862,63.79111056
30863,64.305555
30864,64.305555
30865,64.81999944
30866,64.81999944
30867,64.81999944
30868,64.81999944
30869,64.81999944
30870,65.33444388
30871,65.33444388
30872,65.33444388
30873,65.33444388
30874,65.33444388
30875,65.84888832
30876,65.84888832
30877,66.36333276
30878,66.36333276
30879,66.36333276
30880,66.36333276
30881,66.36333276
30882,66.36333276
30883,66.36333276
30884,66.36333276
30885,67.39222164
30886,67.39222164
30887,67.39222164
30888,67.39222164
30889,67.39222164
30890,67.39222164
30891,67.39222164
30892,67.39222164
30893,67.39222164
30894,67.39222164
30895,66.36333276
30896,66.36333276
30897,66.36333276
30898,66.36333276
30899,67.39222164
30900,67.39222164
30901,67.39222164
30902,67.39222164
30903,67.39222164
30904,67.39222164
30905,67.39222164
30906,67.39222164
30907,67.39222164
30908,67.39222164
30909,67.39222164
30910,67.39222164
30911,67.39222164
30912,67.39222164
30913,67.39222164
30914,67.39222164
30915,67.39222164
30916,67.39222164
30917,67.39222164
30918,67.39222164
30919,67.39222164
30920,67.39222164
30921,67.39222164
30922,67.39222164
30923,67.39222164
30924,67.39222164
30925,67.39222164
30926,67.39222164
30927,67.39222164
30928,67.39222164
30929,67.39222164
30930,67.39222164
30931,66.36333276
30932,65.84888832
30933,65.84888832
30934,65.84888832
30935,65.33444388
30936,65.33444388
30937,65.33444388
30938,65.33444388
30939,65.33444388
30940,65.33444388
30941,64.81999944
30942,64.81999944
30943,64.81999944
30944,65.33444388
30945,65.33444388
30946,65.33444388
30947,65.33444388
30948,65.33444388
30949,65.84888832
30950,65.84888832
30951,65.84888832
30952,65.84888832
30953,65.84888832
30954,65.84888832
30955,65.84888832
30956,65.84888832
30957,65.84888832
30958,65.84888832
30959,65.33444388
30960,65.33444388
30961,65.33444388
30962,65.33444388
30963,65.33444388
30964,65.33444388
30965,64.305555
30966,64.305555
30967,64.305555
30968,63.79111056
30969,63.79111056
30970,63.27666612
30971,63.27666612
30972,63.27666612
30973,62.76222168
30974,62.76222168
30975,62.76222168
30976,62.76222168
30977,62.24777724
30978,62.24777724
30979,62.24777724
30980,62.24777724
30981,62.24777724
30982,62.24777724
30983,62.24777724
30984,62.24777724
30985,62.24777724
30986,62.24777724
30987,62.24777724
30988,62.76222168
30989,62.76222168
30990,62.76222168
30991,62.76222168
30992,62.76222168
30993,62.76222168
30994,62.76222168
30995,62.76222168
30996,62.76222168
30997,62.76222168
30998,62.76222168
30999,62.76222168
31000,62.76222168
31001,62.76222168
31002,62.76222168
31003,62.76222168
31004,62.76222168
31005,62.76222168
31006,62.76222168
31007,62.76222168
31008,62.76222168
31009,63.27666612
31010,63.27666612
31011,63.27666612
31012,63.27666612
31013,63.27666612
31014,63.27666612
31015,63.27666612
31016,63.79111056
31017,63.79111056
31018,63.79111056
31019,63.79111056
31020,63.79111056
31021,63.79111056
31022,63.79111056
31023,63.79111056
31024,63.79111056
31025,63.79111056
31026,63.79111056
31027,63.79111056
31028,63.79111056
31029,63.79111056
31030,63.79111056
31031,63.79111056
31032,63.79111056
31033,63.79111056
31034,63.79111056
31035,63.79111056
31036,63.27666612
31037,63.27666612
31038,63.27666612
31039,63.27666612
31040,63.27666612
31041,63.27666612
31042,63.27666612
31043,63.27666612
31044,63.27666612
31045,63.27666612
31046,63.27666612
31047,63.27666612
31048,63.27666612
31049,63.27666612
31050,63.27666612
31051,63.27666612
31052,63.27666612
31053,63.27666612
31054,63.79111056
31055,63.79111056
31056,63.79111056
31057,63.79111056
31058,63.79111056
31059,63.79111056
31060,63.79111056
31061,63.79111056
31062,64.305555
31063,64.305555
31064,64.305555
31065,64.305555
31066,64.305555
31067,64.305555
31068,64.305555
31069,64.305555
31070,64.305555
31071,64.305555
31072,64.305555
31073,64.305555
31074,64.305555
31075,65.33444388
31076,65.33444388
31077,65.33444388
31078,65.33444388
31079,65.33444388
31080,65.33444388
31081,65.33444388
31082,65.33444388
31083,65.33444388
31084,65.33444388
31085,64.305555
31086,64.305555
31087,64.305555
31088,64.305555
31089,64.305555
31090,65.33444388
31091,65.33444388
31092,65.33444388
31093,65.33444388
31094,65.33444388
31095,65.33444388
31096,65.33444388
31097,65.33444388
31098,65.33444388
31099,65.33444388
31100,65.33444388
31101,65.33444388
31102,65.33444388
31103,65.33444388
31104,65.33444388
31105,65.33444388
31106,65.33444388
31107,65.33444388
31108,65.33444388
31109,65.33444388
31110,65.33444388
31111,65.33444388
31112,65.33444388
31113,65.33444388
31114,65.33444388
31115,65.33444388
31116,65.33444388
31117,65.33444388
31118,65.33444388
31119,65.33444388
31120,65.33444388
31121,65.33444388
31122,65.33444388
31123,65.33444388
31124,65.33444388
31125,65.33444388
31126,65.33444388
31127,65.33444388
31128,65.33444388
31129,65.33444388
31130,65.33444388
31131,65.33444388
31132,65.33444388
31133,64.305555
31134,64.305555
31135,64.305555
31136,64.305555
31137,64.305555
31138,64.305555
31139,63.79111056
31140,63.79111056
31141,63.79111056
31142,63.79111056
31143,63.79111056
31144,63.79111056
31145,63.27666612
31146,63.27666612
31147,63.27666612
31148,63.27666612
31149,63.27666612
31150,63.27666612
31151,63.27666612
31152,62.76222168
31153,62.76222168
31154,62.76222168
31155,62.76222168
31156,62.76222168
31157,62.76222168
31158,62.24777724
31159,62.24777724
31160,62.24777724
31161,62.24777724
31162,62.24777724
31163,62.24777724
31164,61.7333328
31165,61.7333328
31166,61.7333328
31167,61.21888836
31168,61.21888836
31169,61.21888836
31170,61.21888836
31171,61.21888836
31172,61.21888836
31173,61.21888836
31174,61.21888836
31175,61.21888836
31176,61.21888836
31177,60.70444392
31178,60.70444392
31179,60.70444392
31180,60.70444392
31181,60.70444392
31182,60.70444392
31183,59.67555504
31184,59.67555504
31185,59.67555504
31186,59.67555504
31187,59.67555504
31188,59.67555504
31189,59.67555504
31190,59.67555504
31191,59.67555504
31192,59.67555504
31193,59.67555504
31194,59.67555504
31195,59.67555504
31196,59.67555504
31197,59.67555504
31198,59.67555504
31199,59.67555504
31200,59.67555504
31201,60.70444392
31202,60.70444392
31203,60.70444392
31204,59.67555504
31205,59.67555504
31206,59.67555504
31207,59.67555504
31208,59.67555504
31209,59.67555504
31210,59.67555504
31211,60.70444392
31212,61.21888836
31213,62.24777724
31214,62.76222168
31215,63.27666612
31216,63.79111056
31217,64.305555
31218,64.305555
31219,63.79111056
31220,64.305555
31221,64.305555
31222,63.79111056
31223,63.27666612
31224,63.27666612
31225,63.27666612
31226,63.27666612
31227,63.79111056
31228,63.79111056
31229,63.79111056
31230,63.79111056
31231,63.79111056
31232,63.79111056
31233,64.305555
31234,64.81999944
31235,64.81999944
31236,64.305555
31237,64.305555
31238,64.81999944
31239,65.33444388
31240,65.84888832
31241,65.84888832
31242,65.84888832
31243,65.33444388
31244,65.33444388
31245,66.36333276
31246,65.84888832
31247,65.33444388
31248,65.33444388
31249,65.84888832
31250,67.90666608
31251,67.90666608
31252,67.90666608
31253,67.90666608
31254,67.90666608
31255,67.90666608
31256,69.4499994
31257,69.4499994
31258,69.96444384
31259,69.96444384
31260,70.47888828
31261,70.99333272
31262,70.99333272
31263,70.99333272
31264,70.99333272
31265,71.50777716
31266,71.50777716
31267,71.50777716
31268,71.50777716
31269,72.0222216
31270,72.0222216
31271,72.0222216
31272,72.53666604
31273,72.53666604
31274,72.53666604
31275,72.53666604
31276,72.53666604
31277,72.53666604
31278,72.53666604
31279,72.53666604
31280,72.53666604
31281,72.53666604
31282,72.53666604
31283,72.53666604
31284,72.53666604
31285,72.53666604
31286,72.53666604
31287,72.53666604
31288,72.53666604
31289,72.53666604
31290,72.53666604
31291,72.53666604
31292,72.0222216
31293,72.0222216
31294,71.50777716
31295,71.50777716
31296,71.50777716
31297,70.99333272
31298,70.99333272
31299,70.99333272
31300,70.47888828
31301,70.47888828
31302,70.47888828
31303,70.47888828
31304,69.96444384
31305,69.96444384
31306,68.93555496
31307,68.93555496
31308,68.93555496
31309,69.4499994
31310,69.4499994
31311,68.93555496
31312,68.93555496
31313,68.93555496
31314,67.90666608
31315,67.90666608
31316,67.90666608
31317,67.39222164
31318,67.39222164
31319,67.39222164
31320,67.39222164
31321,67.39222164
31322,67.39222164
31323,67.39222164
31324,67.39222164
31325,66.36333276
31326,66.36333276
31327,66.36333276
31328,66.36333276
31329,65.84888832
31330,65.84888832
31331,65.84888832
31332,65.84888832
31333,65.84888832
31334,65.84888832
31335,65.33444388
31336,65.33444388
31337,65.33444388
31338,64.81999944
31339,64.81999944
31340,64.81999944
31341,64.305555
31342,64.305555
31343,64.305555
31344,64.305555
31345,64.305555
31346,63.79111056
31347,63.79111056
31348,63.79111056
31349,63.79111056
31350,63.27666612
31351,63.27666612
31352,63.27666612
31353,63.27666612
31354,63.27666612
31355,62.76222168
31356,62.76222168
31357,62.24777724
31358,62.24777724
31359,62.24777724
31360,61.21888836
31361,61.21888836
31362,61.21888836
31363,61.21888836
31364,61.21888836
31365,61.21888836
31366,60.70444392
31367,60.70444392
31368,60.70444392
31369,60.70444392
31370,60.70444392
31371,59.67555504
31372,59.67555504
31373,59.67555504
31374,59.67555504
31375,59.67555504
31376,59.67555504
31377,59.67555504
31378,59.67555504
31379,59.67555504
31380,59.67555504
31381,59.67555504
31382,59.1611106
31383,59.1611106
31384,59.1611106
31385,59.1611106
31386,58.64666616
31387,58.64666616
31388,58.64666616
31389,58.64666616
31390,58.13222172
31391,58.13222172
31392,58.13222172
31393,58.13222172
31394,57.61777728
31395,57.61777728
31396,57.61777728
31397,57.61777728
31398,57.61777728
31399,57.61777728
31400,57.61777728
31401,57.61777728
31402,57.61777728
31403,57.61777728
31404,58.13222172
31405,58.13222172
31406,58.64666616
31407,58.64666616
31408,59.1611106
31409,59.67555504
31410,59.67555504
31411,60.70444392
31412,60.70444392
31413,60.70444392
31414,60.70444392
31415,60.70444392
31416,61.21888836
31417,61.21888836
31418,62.24777724
31419,62.24777724
31420,62.24777724
31421,62.24777724
31422,62.24777724
31423,62.24777724
31424,62.24777724
31425,62.24777724
31426,62.24777724
31427,62.24777724
31428,62.24777724
31429,62.24777724
31430,62.24777724
31431,62.24777724
31432,62.24777724
31433,61.21888836
31434,61.21888836
31435,61.21888836
31436,61.21888836
31437,61.21888836
31438,61.21888836
31439,62.24777724
31440,62.24777724
31441,61.21888836
31442,61.21888836
31443,61.21888836
31444,61.21888836
31445,61.21888836
31446,61.21888836
31447,62.24777724
31448,61.21888836
31449,61.21888836
31450,61.21888836
31451,61.21888836
31452,62.24777724
31453,62.76222168
31454,63.27666612
31455,63.27666612
31456,62.76222168
31457,62.76222168
31458,62.76222168
31459,62.76222168
31460,62.76222168
31461,62.76222168
31462,62.76222168
31463,62.76222168
31464,63.27666612
31465,63.27666612
31466,63.27666612
31467,63.27666612
31468,63.27666612
31469,63.27666612
31470,63.27666612
31471,63.79111056
31472,63.79111056
31473,64.305555
31474,64.305555
31475,64.81999944
31476,64.81999944
31477,65.33444388
31478,65.84888832
31479,65.84888832
31480,66.36333276
31481,67.39222164
31482,67.39222164
31483,67.39222164
31484,67.39222164
31485,67.90666608
31486,67.90666608
31487,68.93555496
31488,68.93555496
31489,69.4499994
31490,69.96444384
31491,69.96444384
31492,69.96444384
31493,70.47888828
31494,70.47888828
31495,70.47888828
31496,70.99333272
31497,70.99333272
31498,71.50777716
31499,71.50777716
31500,71.50777716
31501,71.50777716
31502,71.50777716
31503,71.50777716
31504,71.50777716
31505,71.50777716
31506,71.50777716
31507,71.50777716
31508,70.99333272
31509,70.99333272
31510,70.99333272
31511,70.47888828
31512,70.47888828
31513,70.47888828
31514,69.96444384
31515,69.96444384
31516,69.4499994
31517,69.4499994
31518,69.4499994
31519,68.93555496
31520,68.93555496
31521,68.93555496
31522,68.42111052
31523,68.42111052
31524,67.39222164
31525,67.39222164
31526,67.39222164
31527,67.39222164
31528,67.39222164
31529,66.8777772
31530,66.8777772
31531,66.8777772
31532,65.84888832
31533,66.8777772
31534,65.84888832
31535,66.8777772
31536,66.8777772
31537,66.8777772
31538,66.8777772
31539,66.8777772
31540,66.8777772
31541,66.8777772
31542,66.8777772
31543,67.39222164
31544,67.90666608
31545,68.42111052
31546,68.42111052
31547,68.93555496
31548,68.93555496
31549,68.93555496
31550,68.93555496
31551,68.93555496
31552,68.42111052
31553,68.42111052
31554,68.42111052
31555,68.42111052
31556,68.42111052
31557,68.42111052
31558,68.42111052
31559,68.42111052
31560,68.93555496
31561,68.93555496
31562,69.4499994
31563,69.4499994
31564,69.4499994
31565,69.4499994
31566,69.4499994
31567,68.93555496
31568,68.42111052
31569,68.42111052
31570,68.42111052
31571,68.42111052
31572,68.42111052
31573,68.42111052
31574,67.90666608
31575,67.90666608
31576,67.90666608
31577,67.90666608
31578,68.42111052
31579,69.4499994
31580,69.4499994
31581,68.93555496
31582,68.93555496
31583,69.4499994
31584,69.4499994
31585,70.47888828
31586,70.47888828
31587,70.47888828
31588,70.99333272
31589,72.0222216
31590,72.0222216
31591,72.0222216
31592,72.0222216
31593,72.0222216
31594,72.0222216
31595,72.0222216
31596,73.05111048
31597,73.05111048
31598,73.05111048
31599,73.05111048
31600,73.05111048
31601,73.56555492
31602,72.53666604
31603,72.53666604
31604,72.53666604
31605,72.53666604
31606,72.53666604
31607,72.53666604
31608,72.53666604
31609,72.53666604
31610,72.53666604
31611,72.53666604
31612,72.53666604
31613,72.53666604
31614,72.53666604
31615,73.05111048
31616,73.05111048
31617,73.05111048
31618,73.56555492
31619,73.56555492
31620,73.56555492
31621,74.07999936
31622,74.5944438
31623,74.5944438
31624,74.5944438
31625,75.10888824
31626,75.10888824
31627,75.10888824
31628,75.10888824
31629,75.10888824
31630,75.10888824
31631,75.62333268
31632,75.62333268
31633,75.62333268
31634,75.62333268
31635,75.62333268
31636,75.62333268
31637,75.62333268
31638,75.62333268
31639,75.62333268
31640,76.13777712
31641,76.13777712
31642,76.13777712
31643,76.13777712
31644,76.13777712
31645,76.13777712
31646,76.13777712
31647,76.13777712
31648,76.13777712
31649,76.13777712
31650,76.13777712
31651,76.13777712
31652,76.13777712
31653,76.13777712
31654,76.65222156
31655,76.65222156
31656,76.65222156
31657,77.166666
31658,77.166666
31659,77.166666
31660,77.166666
31661,77.166666
31662,77.166666
31663,77.166666
31664,77.166666
31665,76.65222156
31666,76.65222156
31667,76.65222156
31668,76.65222156
31669,76.65222156
31670,76.65222156
31671,76.65222156
31672,76.65222156
31673,76.65222156
31674,76.65222156
31675,76.65222156
31676,77.68111044
31677,77.68111044
31678,77.68111044
31679,78.19555488
31680,77.68111044
31681,77.68111044
31682,77.68111044
31683,77.68111044
31684,77.68111044
31685,77.68111044
31686,77.68111044
31687,78.19555488
31688,77.68111044
31689,77.68111044
31690,76.65222156
31691,76.65222156
31692,76.65222156
31693,76.65222156
31694,76.65222156
31695,76.65222156
31696,76.65222156
31697,76.65222156
31698,76.65222156
31699,76.65222156
31700,77.68111044
31701,78.19555488
31702,78.19555488
31703,78.19555488
31704,78.19555488
31705,78.70999932
31706,78.70999932
31707,78.70999932
31708,78.70999932
31709,78.70999932
31710,78.70999932
31711,78.19555488
31712,78.19555488
31713,78.19555488
31714,78.19555488
31715,78.19555488
31716,78.19555488
31717,78.19555488
31718,77.68111044
31719,77.68111044
31720,77.68111044
31721,77.68111044
31722,77.68111044
31723,77.68111044
31724,77.68111044
31725,78.70999932
31726,78.70999932
31727,78.70999932
31728,79.22444376
31729,79.22444376
31730,78.70999932
31731,78.70999932
31732,78.70999932
31733,78.70999932
31734,79.7388882
31735,79.7388882
31736,80.25333264
31737,80.25333264
31738,80.25333264
31739,81.28222152000001
31740,82.3111104
31741,81.79666596
31742,81.79666596
31743,81.79666596
31744,81.79666596
31745,81.79666596
31746,81.79666596
31747,81.79666596
31748,81.79666596
31749,81.79666596
31750,81.79666596
31751,81.79666596
31752,81.79666596
31753,81.28222152000001
31754,81.28222152000001
31755,81.28222152000001
31756,80.76777708
31757,80.76777708
31758,80.76777708
31759,80.76777708
31760,79.7388882
31761,79.7388882
31762,79.22444376
31763,79.22444376
31764,79.22444376
31765,79.22444376
31766,79.7388882
31767,79.7388882
31768,80.25333264
31769,80.25333264
31770,80.25333264
31771,80.25333264
31772,80.25333264
31773,79.7388882
31774,79.22444376
31775,79.22444376
31776,79.22444376
31777,79.22444376
31778,78.70999932
31779,78.70999932
31780,78.19555488
31781,78.19555488
31782,77.68111044
31783,77.166666
31784,76.65222156
31785,76.65222156
31786,76.65222156
31787,76.65222156
31788,75.62333268
31789,75.62333268
31790,75.62333268
31791,75.10888824
31792,75.62333268
31793,75.62333268
31794,75.62333268
31795,75.62333268
31796,75.10888824
31797,74.07999936
31798,74.07999936
31799,74.07999936
31800,74.07999936
31801,73.56555492
31802,73.56555492
31803,74.07999936
31804,74.07999936
31805,73.56555492
31806,74.07999936
31807,75.10888824
31808,74.07999936
31809,74.07999936
31810,73.56555492
31811,72.53666604
31812,73.56555492
31813,73.56555492
31814,73.56555492
31815,73.56555492
31816,74.07999936
31817,73.56555492
31818,73.56555492
31819,73.05111048
31820,72.0222216
31821,69.96444384
31822,72.0222216
31823,72.53666604
31824,72.53666604
31825,72.53666604
31826,72.0222216
31827,72.0222216
31828,70.99333272
31829,70.99333272
31830,70.99333272
31831,70.99333272
31832,70.99333272
31833,70.47888828
31834,70.99333272
31835,70.99333272
31836,70.99333272
31837,70.99333272
31838,69.96444384
31839,69.4499994
31840,69.96444384
31841,69.4499994
31842,68.42111052
31843,68.42111052
31844,68.42111052
31845,68.42111052
31846,68.42111052
31847,68.42111052
31848,68.42111052
31849,68.42111052
31850,68.42111052
31851,68.42111052
31852,68.42111052
31853,68.42111052
31854,68.42111052
31855,68.42111052
31856,68.42111052
31857,68.42111052
31858,68.42111052
31859,69.4499994
31860,69.4499994
31861,69.4499994
31862,69.4499994
31863,69.4499994
31864,69.4499994
31865,69.4499994
31866,69.4499994
31867,69.4499994
31868,69.4499994
31869,69.4499994
31870,69.4499994
31871,69.4499994
31872,69.4499994
31873,69.4499994
31874,69.4499994
31875,69.4499994
31876,69.4499994
31877,69.4499994
31878,69.4499994
31879,69.4499994
31880,69.4499994
31881,69.4499994
31882,69.4499994
31883,69.4499994
31884,69.4499994
31885,69.4499994
31886,69.4499994
31887,69.4499994
31888,69.4499994
31889,70.99333272
31890,70.99333272
31891,70.99333272
31892,70.99333272
31893,70.99333272
31894,70.99333272
31895,70.99333272
31896,72.0222216
31897,72.53666604
31898,72.53666604
31899,72.53666604
31900,72.53666604
31901,73.05111048
31902,72.53666604
31903,72.53666604
31904,73.05111048
31905,72.53666604
31906,72.53666604
31907,72.53666604
31908,72.53666604
31909,72.53666604
31910,72.53666604
31911,72.53666604
31912,72.53666604
31913,72.53666604
31914,72.53666604
31915,72.53666604
31916,72.53666604
31917,72.53666604
31918,72.0222216
31919,72.0222216
31920,72.0222216
31921,72.53666604
31922,72.53666604
31923,72.53666604
31924,72.53666604
31925,72.53666604
31926,72.53666604
31927,72.53666604
31928,72.0222216
31929,72.0222216
31930,72.0222216
31931,73.05111048
31932,73.05111048
31933,73.05111048
31934,72.53666604
31935,72.0222216
31936,72.0222216
31937,72.0222216
31938,72.0222216
31939,72.0222216
31940,70.99333272
31941,70.99333272
31942,70.99333272
31943,70.99333272
31944,72.0222216
31945,72.0222216
31946,72.0222216
31947,72.0222216
31948,72.53666604
31949,72.53666604
31950,72.0222216
31951,72.0222216
31952,72.0222216
31953,72.0222216
31954,70.99333272
31955,70.99333272
31956,70.99333272
31957,70.99333272
31958,70.99333272
31959,70.99333272
31960,72.53666604
31961,72.0222216
31962,72.0222216
31963,72.53666604
31964,72.0222216
31965,70.99333272
31966,70.99333272
31967,70.99333272
31968,70.99333272
31969,70.99333272
31970,70.99333272
31971,69.4499994
31972,68.93555496
31973,68.42111052
31974,68.42111052
31975,68.93555496
31976,68.93555496
31977,69.96444384
31978,69.96444384
31979,68.42111052
31980,67.90666608
31981,67.90666608
31982,68.42111052
31983,68.93555496
31984,68.93555496
31985,68.93555496
31986,68.93555496
31987,68.93555496
31988,68.93555496
31989,68.93555496
31990,69.4499994
31991,68.93555496
31992,68.42111052
31993,67.90666608
31994,67.39222164
31995,67.39222164
31996,66.8777772
31997,67.39222164
31998,66.8777772
31999,67.39222164
32000,67.39222164
32001,67.39222164
32002,67.39222164
32003,67.39222164
32004,67.39222164
32005,67.90666608
32006,67.90666608
32007,67.90666608
32008,67.90666608
32009,68.42111052
32010,68.42111052
32011,68.42111052
32012,68.93555496
32013,69.96444384
32014,69.96444384
32015,68.93555496
32016,68.93555496
32017,68.93555496
32018,68.93555496
32019,69.96444384
32020,69.96444384
32021,69.96444384
32022,69.96444384
32023,69.96444384
32024,69.96444384
32025,69.96444384
32026,69.96444384
32027,69.96444384
32028,69.96444384
32029,69.96444384
32030,70.99333272
32031,70.99333272
32032,72.0222216
32033,70.99333272
32034,70.99333272
32035,72.0222216
32036,72.0222216
32037,70.99333272
32038,72.0222216
32039,72.53666604
32040,72.0222216
32041,72.53666604
32042,73.56555492
32043,72.53666604
32044,72.53666604
32045,72.53666604
32046,73.56555492
32047,72.53666604
32048,72.53666604
32049,73.56555492
32050,73.56555492
32051,73.56555492
32052,73.56555492
32053,73.56555492
32054,73.56555492
32055,73.56555492
32056,73.56555492
32057,73.56555492
32058,73.56555492
32059,74.07999936
32060,74.5944438
32061,74.5944438
32062,74.5944438
32063,74.07999936
32064,74.07999936
32065,74.07999936
32066,75.10888824
32067,74.5944438
32068,74.5944438
32069,74.5944438
32070,75.10888824
32071,76.13777712
32072,76.13777712
32073,76.65222156
32074,77.68111044
32075,78.19555488
32076,77.68111044
32077,78.70999932
32078,79.22444376
32079,79.7388882
32080,80.25333264
32081,80.76777708
32082,79.22444376
32083,79.22444376
32084,79.22444376
32085,79.22444376
32086,79.22444376
32087,79.22444376
32088,80.25333264
32089,79.22444376
32090,79.22444376
32091,80.25333264
32092,79.22444376
32093,80.25333264
32094,79.22444376
32095,78.70999932
32096,78.70999932
32097,79.22444376
32098,79.22444376
32099,79.22444376
32100,79.22444376
32101,80.25333264
32102,80.25333264
32103,80.25333264
32104,81.28222152000001
32105,81.28222152000001
32106,81.28222152000001
32107,81.28222152000001
32108,81.28222152000001
32109,81.28222152000001
32110,81.28222152000001
32111,81.28222152000001
32112,81.28222152000001
32113,81.28222152000001
32114,81.28222152000001
32115,81.28222152000001
32116,80.76777708
32117,80.25333264
32118,80.76777708
32119,80.25333264
32120,80.25333264
32121,80.25333264
32122,80.25333264
32123,80.25333264
32124,80.25333264
32125,80.25333264
32126,80.25333264
32127,80.25333264
32128,80.25333264
32129,80.25333264
32130,80.25333264
32131,79.22444376
32132,79.22444376
32133,80.25333264
32134,80.25333264
32135,80.25333264
32136,80.25333264
32137,80.25333264
32138,80.25333264
32139,80.25333264
32140,78.70999932
32141,78.70999932
32142,79.22444376
32143,78.70999932
32144,77.68111044
32145,77.166666
32146,76.65222156
32147,76.13777712
32148,76.13777712
32149,76.65222156
32150,76.65222156
32151,76.13777712
32152,76.13777712
32153,76.13777712
32154,76.13777712
32155,76.13777712
32156,76.13777712
32157,76.13777712
32158,76.13777712
32159,75.62333268
32160,75.62333268
32161,75.10888824
32162,75.10888824
32163,75.10888824
32164,74.5944438
32165,75.10888824
32166,75.10888824
32167,75.10888824
32168,75.10888824
32169,75.10888824
32170,74.5944438
32171,74.5944438
32172,74.5944438
32173,74.5944438
32174,74.5944438
32175,74.5944438
32176,74.5944438
32177,74.07999936
32178,74.07999936
32179,74.07999936
32180,74.07999936
32181,74.07999936
32182,74.07999936
32183,74.5944438
32184,74.5944438
32185,74.5944438
32186,75.10888824
32187,75.10888824
32188,75.10888824
32189,75.62333268
32190,75.10888824
32191,75.62333268
32192,75.62333268
32193,75.62333268
32194,76.13777712
32195,76.13777712
32196,74.5944438
32197,75.62333268
32198,76.13777712
32199,76.65222156
32200,76.13777712
32201,76.13777712
32202,76.13777712
32203,76.13777712
32204,76.13777712
32205,75.62333268
32206,75.62333268
32207,75.62333268
32208,75.62333268
32209,75.62333268
32210,75.62333268
32211,75.62333268
32212,75.62333268
32213,75.62333268
32214,75.62333268
32215,75.62333268
32216,75.62333268
32217,75.10888824
32218,75.62333268
32219,75.62333268
32220,75.62333268
32221,75.62333268
32222,76.65222156
32223,76.65222156
32224,76.65222156
32225,76.13777712
32226,76.65222156
32227,76.65222156
32228,76.65222156
32229,76.65222156
32230,77.68111044
32231,76.13777712
32232,75.10888824
32233,76.13777712
32234,76.65222156
32235,76.65222156
32236,76.65222156
32237,76.65222156
32238,76.65222156
32239,76.65222156
32240,77.166666
32241,76.65222156
32242,76.65222156
32243,77.68111044
32244,77.68111044
32245,77.68111044
32246,77.166666
32247,77.68111044
32248,77.166666
32249,77.166666
32250,76.65222156
32251,76.65222156
32252,77.68111044
32253,78.19555488
32254,78.19555488
32255,78.19555488
32256,78.70999932
32257,78.70999932
32258,78.70999932
32259,77.68111044
32260,77.68111044
32261,78.19555488
32262,78.19555488
32263,78.19555488
32264,77.68111044
32265,77.68111044
32266,77.68111044
32267,78.19555488
32268,78.70999932
32269,78.70999932
32270,78.19555488
32271,79.7388882
32272,80.76777708
32273,81.79666596
32274,80.76777708
32275,79.22444376
32276,79.22444376
32277,79.22444376
32278,78.70999932
32279,79.22444376
32280,79.22444376
32281,79.22444376
32282,79.22444376
32283,78.70999932
32284,78.70999932
32285,78.19555488
32286,78.19555488
32287,78.19555488
32288,78.19555488
32289,78.19555488
32290,78.19555488
32291,77.68111044
32292,77.166666
32293,77.166666
32294,78.19555488
32295,77.68111044
32296,77.68111044
32297,78.70999932
32298,78.70999932
32299,78.70999932
32300,78.70999932
32301,79.7388882
32302,79.22444376
32303,79.22444376
32304,79.22444376
32305,78.19555488
32306,78.19555488
32307,78.19555488
32308,78.70999932
32309,78.70999932
32310,77.68111044
32311,76.13777712
32312,76.13777712
32313,76.13777712
32314,75.62333268
32315,77.68111044
32316,77.68111044
32317,77.68111044
32318,77.166666
32319,75.62333268
32320,76.13777712
32321,76.13777712
32322,76.65222156
32323,77.166666
32324,76.65222156
32325,75.62333268
32326,74.5944438
32327,75.62333268
32328,75.62333268
32329,75.62333268
32330,75.62333268
32331,75.62333268
32332,76.65222156
32333,76.65222156
32334,76.13777712
32335,75.62333268
32336,75.62333268
32337,75.62333268
32338,75.62333268
32339,76.65222156
32340,76.65222156
32341,76.65222156
32342,76.65222156
32343,76.65222156
32344,76.65222156
32345,76.65222156
32346,77.68111044
32347,76.65222156
32348,76.65222156
32349,76.65222156
32350,75.62333268
32351,75.62333268
32352,75.10888824
32353,75.10888824
32354,75.10888824
32355,75.62333268
32356,75.62333268
32357,75.62333268
32358,75.62333268
32359,75.62333268
32360,76.65222156
32361,76.13777712
32362,76.13777712
32363,76.13777712
32364,76.13777712
32365,75.62333268
32366,76.13777712
32367,76.65222156
32368,75.62333268
32369,75.10888824
32370,75.62333268
32371,75.62333268
32372,76.13777712
32373,75.10888824
32374,75.62333268
32375,75.62333268
32376,74.5944438
32377,75.10888824
32378,74.5944438
32379,75.10888824
32380,74.5944438
32381,72.53666604
32382,72.0222216
32383,71.50777716
32384,71.50777716
32385,71.50777716
32386,70.99333272
32387,70.99333272
32388,72.0222216
32389,72.0222216
32390,72.0222216
32391,71.50777716
32392,72.0222216
32393,73.05111048
32394,72.53666604
32395,72.53666604
32396,72.53666604
32397,72.53666604
32398,72.53666604
32399,74.07999936
32400,73.05111048
32401,72.53666604
32402,73.05111048
32403,73.56555492
32404,73.56555492
32405,73.56555492
32406,73.56555492
32407,72.53666604
32408,73.56555492
32409,74.07999936
32410,73.56555492
32411,73.56555492
32412,73.56555492
32413,74.5944438
32414,74.07999936
32415,74.07999936
32416,74.07999936
32417,74.07999936
32418,74.5944438
32419,74.5944438
32420,74.5944438
32421,74.07999936
32422,73.56555492
32423,73.56555492
32424,73.56555492
32425,73.56555492
32426,73.56555492
32427,74.07999936
32428,74.07999936
32429,74.5944438
32430,74.07999936
32431,74.5944438
32432,74.07999936
32433,74.07999936
32434,75.10888824
32435,75.10888824
32436,75.10888824
32437,75.10888824
32438,75.62333268
32439,75.62333268
32440,75.62333268
32441,77.166666
32442,76.13777712
32443,76.13777712
32444,76.13777712
32445,76.13777712
32446,76.13777712
32447,76.13777712
32448,77.166666
32449,76.13777712
32450,76.13777712
32451,76.13777712
32452,77.166666
32453,77.166666
32454,76.13777712
32455,76.13777712
32456,77.166666
32457,77.68111044
32458,77.166666
32459,77.166666
32460,77.166666
32461,79.7388882
32462,80.76777708
32463,80.76777708
32464,81.79666596
32465,79.22444376
32466,79.22444376
32467,79.7388882
32468,79.7388882
32469,79.7388882
32470,79.7388882
32471,78.70999932
32472,77.68111044
32473,77.68111044
32474,78.19555488
32475,78.70999932
32476,78.70999932
32477,78.70999932
32478,79.7388882
32479,79.7388882
32480,79.7388882
32481,79.7388882
32482,79.7388882
32483,79.7388882
32484,79.7388882
32485,79.7388882
32486,79.7388882
32487,79.7388882
32488,79.7388882
32489,79.7388882
32490,78.70999932
32491,78.70999932
32492,78.70999932
32493,78.70999932
32494,78.70999932
32495,78.70999932
32496,79.7388882
32497,79.7388882
32498,79.7388882
32499,80.76777708
32500,79.7388882
32501,79.7388882
32502,79.7388882
32503,79.7388882
32504,80.76777708
32505,80.76777708
32506,80.76777708
32507,80.76777708
32508,80.76777708
32509,80.76777708
32510,80.76777708
32511,80.76777708
32512,80.76777708
32513,81.79666596
32514,80.76777708
32515,80.76777708
32516,80.76777708
32517,80.76777708
32518,80.76777708
32519,80.76777708
32520,80.76777708
32521,79.7388882
32522,79.7388882
32523,79.7388882
32524,79.7388882
32525,79.7388882
32526,79.7388882
32527,79.7388882
32528,79.7388882
32529,81.79666596
32530,80.76777708
32531,79.7388882
32532,79.7388882
32533,79.7388882
32534,80.25333264
32535,79.7388882
32536,79.7388882
32537,78.70999932
32538,78.70999932
32539,79.22444376
32540,78.70999932
32541,78.70999932
32542,79.22444376
32543,79.7388882
32544,80.25333264
32545,80.25333264
32546,79.7388882
32547,79.7388882
32548,80.25333264
32549,80.25333264
32550,81.28222152000001
32551,80.76777708
32552,80.25333264
32553,80.25333264
32554,80.25333264
32555,81.28222152000001
32556,81.28222152000001
32557,80.76777708
32558,81.28222152000001
32559,81.79666596
32560,81.28222152000001
32561,81.28222152000001
32562,80.76777708
32563,80.25333264
32564,80.25333264
32565,80.25333264
32566,80.76777708
32567,81.28222152000001
32568,80.76777708
32569,81.28222152000001
32570,81.79666596
32571,81.28222152000001
32572,81.28222152000001
32573,81.28222152000001
32574,81.28222152000001
32575,81.28222152000001
32576,80.76777708
32577,81.28222152000001
32578,81.79666596
32579,81.28222152000001
32580,81.28222152000001
32581,80.76777708
32582,80.76777708
32583,80.76777708
32584,79.7388882
32585,79.7388882
32586,78.70999932
32587,78.70999932
32588,78.70999932
32589,78.70999932
32590,78.70999932
32591,78.70999932
32592,78.70999932
32593,78.19555488
32594,78.19555488
32595,77.68111044
32596,77.166666
32597,77.68111044
32598,77.68111044
32599,78.19555488
32600,78.19555488
32601,78.19555488
32602,77.166666
32603,77.68111044
32604,77.68111044
32605,77.166666
32606,77.68111044
32607,77.68111044
32608,77.68111044
32609,77.68111044
32610,77.68111044
32611,77.68111044
32612,76.13777712
32613,77.166666
32614,77.166666
32615,77.166666
32616,77.68111044
32617,77.166666
32618,77.166666
32619,75.62333268
32620,76.13777712
32621,75.62333268
32622,75.62333268
32623,75.10888824
32624,75.10888824
32625,74.5944438
32626,73.56555492
32627,74.07999936
32628,75.10888824
32629,73.56555492
32630,73.05111048
32631,72.0222216
32632,71.50777716
32633,70.99333272
32634,70.47888828
32635,69.96444384
32636,69.4499994
32637,68.93555496
32638,68.93555496
32639,68.42111052
32640,68.42111052
32641,68.42111052
32642,69.4499994
32643,68.93555496
32644,69.4499994
32645,71.50777716
32646,69.96444384
32647,69.4499994
32648,70.47888828
32649,70.47888828
32650,70.47888828
32651,70.47888828
32652,69.4499994
32653,70.47888828
32654,70.47888828
32655,68.42111052
32656,69.4499994
32657,68.93555496
32658,69.4499994
32659,69.4499994
32660,69.4499994
32661,68.93555496
32662,68.93555496
32663,68.93555496
32664,67.39222164
32665,67.39222164
32666,68.42111052
32667,68.93555496
32668,69.96444384
32669,71.50777716
32670,71.50777716
32671,69.96444384
32672,69.96444384
32673,71.50777716
32674,70.99333272
32675,71.50777716
32676,70.99333272
32677,70.47888828
32678,70.99333272
32679,70.47888828
32680,70.99333272
32681,70.99333272
32682,68.93555496
32683,69.96444384
32684,69.96444384
32685,69.96444384
32686,69.96444384
32687,69.4499994
32688,68.42111052
32689,68.42111052
32690,68.42111052
32691,67.90666608
32692,67.90666608
32693,67.90666608
32694,67.90666608
32695,67.90666608
32696,67.90666608
32697,67.90666608
32698,66.8777772
32699,65.84888832
32700,66.36333276
32701,65.33444388
32702,65.33444388
32703,65.33444388
32704,66.36333276
32705,65.33444388
32706,64.305555
32707,64.305555
32708,64.81999944
32709,63.79111056
32710,62.76222168
32711,61.7333328
32712,61.7333328
32713,62.76222168
32714,62.76222168
32715,62.76222168
32716,61.21888836
32717,61.7333328
32718,61.7333328
32719,63.79111056
32720,62.76222168
32721,62.24777724
32722,62.24777724
32723,62.24777724
32724,59.67555504
32725,59.1611106
32726,59.1611106
32727,59.1611106
32728,59.1611106
32729,58.13222172
32730,58.64666616
32731,58.64666616
32732,58.64666616
32733,58.13222172
32734,58.13222172
32735,57.61777728
32736,57.61777728
32737,57.61777728
32738,57.61777728
32739,58.64666616
32740,58.64666616
32741,57.61777728
32742,58.64666616
32743,58.64666616
32744,58.64666616
32745,57.61777728
32746,57.61777728
32747,58.13222172
32748,58.13222172
32749,58.13222172
32750,57.61777728
32751,57.61777728
32752,57.61777728
32753,57.61777728
32754,57.61777728
32755,57.61777728
32756,57.10333284
32757,57.10333284
32758,56.5888884
32759,56.07444396
32760,55.55999952
32761,55.55999952
32762,55.55999952
32763,56.07444396
32764,56.07444396
32765,55.55999952
32766,55.04555508
32767,53.50222176
32768,54.53111064
32769,54.53111064
32770,55.04555508
32771,54.53111064
32772,54.0166662
32773,53.50222176
32774,53.50222176
32775,52.47333288
32776,53.50222176
32777,53.50222176
32778,54.53111064
32779,52.47333288
32780,52.47333288
32781,52.47333288
32782,52.47333288
32783,54.53111064
32784,52.47333288
32785,53.50222176
32786,53.50222176
32787,53.50222176
32788,53.50222176
32789,52.47333288
32790,52.47333288
32791,52.47333288
32792,52.47333288
32793,51.95888844
32794,50.92999956
32795,50.92999956
32796,50.92999956
32797,51.95888844
32798,52.47333288
32799,51.95888844
32800,49.90111068
32801,48.8722218
32802,47.84333292
32803,48.8722218
32804,48.8722218
32805,48.8722218
32806,48.8722218
32807,50.92999956
32808,51.95888844
32809,51.95888844
32810,51.95888844
32811,51.95888844
32812,50.92999956
32813,50.92999956
32814,50.92999956
32815,51.95888844
32816,51.95888844
32817,50.92999956
32818,50.41555512
32819,50.41555512
32820,50.41555512
32821,48.8722218
32822,49.90111068
32823,49.90111068
32824,48.8722218
32825,49.38666624
32826,49.38666624
32827,48.8722218
32828,50.41555512
32829,51.444444
32830,51.444444
32831,51.444444
32832,50.41555512
32833,48.8722218
32834,48.35777736
32835,49.38666624
32836,49.90111068
32837,50.41555512
32838,49.90111068
32839,49.90111068
32840,49.38666624
32841,48.8722218
32842,48.35777736
32843,47.32888848
32844,47.32888848
32845,48.35777736
32846,48.35777736
32847,47.84333292
32848,47.32888848
32849,47.84333292
32850,48.8722218
32851,48.8722218
32852,47.84333292
32853,45.78555516
32854,44.24222184
32855,45.27111072
32856,45.78555516
32857,46.2999996
32858,44.24222184
32859,45.27111072
32860,43.21333296
32861,41.1555552
32862,41.1555552
32863,39.61222188
32864,40.12666632
32865,39.61222188
32866,40.12666632
32867,38.06888856
32868,36.52555524
32869,34.98222192
32870,36.52555524
32871,35.49666636
32872,32.92444416
32873,31.89555528
32874,31.38111084
32875,29.83777752
32876,28.2944442
32877,27.77999976
32878,27.26555532
32879,27.26555532
32880,27.77999976
32881,27.77999976
32882,27.26555532
32883,27.77999976
32884,25.722222
32885,25.20777756
32886,24.69333312
32887,23.66444424
32888,24.17888868
32889,23.66444424
32890,23.66444424
32891,23.66444424
32892,22.63555536
32893,22.12111092
32894,21.60666648
32895,20.5777776
32896,21.09222204
32897,21.60666648
32898,20.5777776
32899,21.09222204
32900,21.60666648
32901,21.60666648
32902,21.09222204
32903,21.09222204
32904,21.60666648
32905,22.12111092
32906,21.09222204
32907,20.06333316
32908,20.06333316
32909,20.5777776
32910,19.54888872
32911,20.06333316
32912,20.06333316
32913,20.06333316
32914,20.06333316
32915,19.54888872
32916,19.54888872
32917,19.54888872
32918,18.51999984
32919,19.54888872
32920,18.51999984
32921,18.51999984
32922,18.51999984
32923,18.51999984
32924,17.49111096
32925,18.51999984
32926,19.54888872
32927,18.51999984
32928,17.49111096
32929,17.49111096
32930,17.49111096
32931,17.49111096
32932,16.97666652
32933,16.97666652
32934,17.49111096
32935,17.49111096
32936,17.49111096
32937,17.49111096
32938,18.51999984
32939,17.49111096
32940,17.49111096
32941,17.49111096
32942,15.94777764
32943,15.4333332
32944,13.37555544
32945,12.861111
32946,0.0
32947,0.0
32948,0.0
32949,0.0
32950,0.0
32951,0.0
32952,0.0
32953,0.0
32954,0.0
32955,0.0
32956,0.0
32957,0.0
32958,0.0
32959,0.0
32960,0.0
32961,0.0
32962,0.0
32963,0.0
32964,0.0
32965,0.0
32966,0.0
32967,0.0
32968,0.0
32969,0.0
32970,0.0
32971,0.0
32972,0.0
32973,0.0
32974,11.31777768
32975,13.37555544
32976,11.31777768
32977,0.0
32978,11.31777768
32979,12.34666656
32980,12.34666656
32981,12.861111
32982,12.861111
32983,12.861111
32984,0.0
32985,12.34666656
32986,0.0
32987,0.0
32988,0.0
32989,0.0
32990,0.0
32991,0.0
32992,0.0
32993,0.0
32994,0.0
32995,0.0
32996,0.0
32997,0.0
32998,0.0
32999,0.0
33000,0.0
33001,0.0
33002,0.0
33003,0.0
33004,0.0
33005,0.0
33006,0.0
33007,0.0
33008,0.0
33009,0.0
33010,0.0
33011,0.0
33012,0.0
33013,0.0
33014,0.0
33015,0.0
33016,0.0
33017,0.0
33018,0.0
33019,0.0
33020,0.0
33021,0.0
33022,0.0
33023,0.0
33024,0.0
33025,0.0
33026,0.0
33027,0.0
33028,0.0
33029,0.0
33030,0.0
33031,0.0
33032,0.0
33033,0.0
33034,0.0
33035,11.31777768
33036,0.0
33037,0.0
33038,0.0
33039,0.0
33040,0.0
33041,0.0
33042,0.0
33043,0.0
33044,0.0
33045,0.0
33046,0.0
33047,0.0
33048,0.0
33049,0.0
33050,0.0
33051,0.0
33052,0.0
33053,0.0
33054,0.0
33055,0.0
33056,0.0
33057,0.0
33058,11.31777768
33059,0.0
33060,0.0
33061,0.0
33062,0.0
33063,0.0
33064,0.0
33065,0.0
33066,0.0
33067,0.0
33068,0.0
33069,0.0
33070,0.0
33071,0.0
33072,0.0
33073,0.0
33074,0.0
33075,0.0
33076,0.0
33077,0.0
33078,0.0
33079,0.0
33080,0.0
33081,0.0
33082,0.0
33083,0.0
33084,0.0
33085,0.0
33086,0.0
33087,0.0
33088,0.0
33089,0.0
33090,0.0
33091,0.0
33092,0.0
33093,0.0
33094,0.0
33095,0.0
33096,0.0
33097,0.0
33098,0.0
33099,0.0
33100,0.0
33101,0.0
33102,0.0
33103,0.0
33104,0.0
33105,0.0
33106,0.0
33107,0.0
33108,0.0
33109,0.0
33110,0.0
33111,0.0
33112,0.0
33113,0.0
33114,0.0
33115,0.0
33116,0.0
33117,0.0
33118,0.0
33119,0.0
33120,0.0
33121,0.0
33122,0.0
33123,0.0
33124,0.0
33125,0.0
33126,0.0
33127,0.0
33128,0.0
33129,0.0
33130,0.0
33131,0.0
33132,0.0
33133,0.0
33134,0.0
33135,0.0
33136,0.0
33137,12.34666656
33138,0.0
33139,0.0
33140,0.0
33141,0.0
33142,0.0
33143,0.0
33144,0.0
33145,0.0
33146,0.0
33147,0.0
33148,0.0
33149,0.0
33150,0.0
33151,0.0
33152,0.0
33153,0.0
33154,11.31777768
33155,0.0
33156,0.0
33157,0.0
33158,0.0
33159,0.0
33160,0.0
33161,0.0
33162,0.0
33163,0.0
33164,0.0
33165,0.0
33166,0.0
33167,0.0
33168,0.0
33169,0.0
33170,0.0
33171,0.0
33172,0.0
33173,0.0
33174,0.0
33175,0.0
33176,0.0
33177,0.0
33178,0.0
33179,0.0
33180,0.0
33181,0.0
33182,0.0
33183,0.0
33184,0.0
33185,0.0
33186,0.0
33187,0.0
33188,0.0
33189,0.0
33190,0.0
