35877,0.0
35878,0.0
35879,0.0
35880,0.0
35881,0.0
35882,0.0
35883,0.0
35884,0.0
35885,0.0
35886,0.0
35887,0.0
35888,0.0
35889,0.0
35890,0.0
35891,0.0
35892,0.0
35893,0.0
35894,0.0
35895,0.0
35896,0.0
35897,0.0
35898,0.0
35899,0.0
35900,0.0
35901,0.0
35902,0.0
35903,0.0
35904,0.0
35905,0.0
35906,0.0
35907,0.0
35908,0.0
35909,0.0
35910,0.0
35911,0.0
35912,0.0
35913,0.0
35914,0.0
35915,0.0
35916,0.0
35917,0.0
35918,0.0
35919,0.0
35920,0.0
35921,0.0
35922,0.0
35923,0.0
35924,0.0
35925,0.0
35926,0.0
35927,0.0
35928,0.0
35929,0.0
35930,0.0
35931,0.0
35932,0.0
35933,0.0
35934,0.0
35935,0.0
35936,0.0
35937,0.0
35938,0.0
35939,0.0
35940,0.0
35941,0.0
35942,0.0
35943,0.0
35944,0.0
35945,0.0
35946,0.0
35947,0.0
35948,0.0
35949,0.0
35950,0.0
35951,0.0
35952,0.0
35953,0.0
35954,0.0
35955,0.0
35956,0.0
35957,0.0
35958,0.0
35959,0.0
35960,0.0
35961,0.0
35962,0.0
35963,0.0
35964,0.0
35965,0.0
35966,0.0
35967,0.0
35968,0.0
35969,0.0
35970,0.0
35971,0.0
35972,0.0
35973,0.0
35974,0.0
35975,0.0
35976,0.0
35977,0.0
35978,0.0
35979,0.0
35980,0.0
35981,0.0
35982,0.0
35983,0.0
35984,0.0
35985,0.0
35986,0.0
35987,0.0
35988,0.0
35989,0.0
35990,0.0
35991,0.0
35992,0.0
35993,0.0
35994,0.0
35995,0.0
35996,0.0
35997,0.0
35998,0.0
35999,0.0
36000,0.0
36001,0.0
36002,0.0
36003,0.0
36004,0.0
36005,0.0
36006,0.0
36007,0.0
36008,0.0
36009,0.0
36010,0.0
36011,0.0
36012,0.0
36013,0.0
36014,0.0
36015,0.0
36016,0.0
36017,0.0
36018,0.0
36019,0.0
36020,0.0
36021,0.0
36022,0.0
36023,0.0
36024,0.0
36025,0.0
36026,0.0
36027,0.0
36028,0.0
36029,0.0
36030,0.0
36031,0.0
36032,0.0
36033,0.0
36034,0.0
36035,0.0
36036,0.0
36037,0.0
36038,0.0
36039,0.0
36040,0.0
36041,0.0
36042,0.0
36043,0.0
36044,0.0
36045,0.0
36046,0.0
36047,0.0
36048,0.0
36049,0.0
36050,0.0
36051,0.0
36052,0.0
36053,0.0
36054,0.0
36055,0.0
36056,0.0
36057,0.0
36058,0.0
36059,0.0
36060,0.0
36061,0.0
36062,0.0
36063,0.0
36064,0.0
36065,0.0
36066,0.0
36067,0.0
36068,0.0
36069,0.0
36070,0.0
36071,0.0
36072,0.0
36073,0.0
36074,0.0
36075,0.0
36076,0.0
36077,0.0
36078,0.0
36079,0.0
36080,0.0
36081,0.0
36082,0.0
36083,0.0
36084,0.0
36085,0.0
36086,0.0
36087,0.0
36088,0.0
36089,0.0
36090,0.0
36091,0.0
36092,0.0
36093,0.0
36094,0.0
36095,0.0
36096,0.0
36097,0.0
36098,0.0
36099,0.0
36100,0.0
36101,0.0
36102,0.0
36103,0.0
36104,0.0
36105,0.0
36106,0.0
36107,0.0
36108,0.0
36109,0.0
36110,0.0
36111,0.0
36112,0.0
36113,0.0
36114,0.0
36115,0.0
36116,0.0
36117,0.0
36118,0.0
36119,0.0
36120,0.0
36121,0.0
36122,0.0
36123,0.0
36124,0.0
36125,0.0
36126,0.0
36127,0.0
36128,0.0
36129,0.0
36130,0.0
36131,0.0
36132,0.0
36133,0.0
36134,0.0
36135,0.0
36136,0.0
36137,0.0
36138,0.0
36139,0.0
36140,0.0
36141,0.0
36142,0.0
36143,0.0
36144,0.0
36145,0.0
36146,0.0
36147,0.0
36148,0.0
36149,0.0
36150,0.0
36151,0.0
36152,0.0
36153,0.0
36154,0.0
36155,0.0
36156,0.0
36157,0.0
36158,0.0
36159,0.0
36160,0.0
36161,0.0
36162,0.0
36163,0.0
36164,0.0
36165,0.0
36166,0.0
36167,0.0
36168,0.0
36169,0.0
36170,0.0
36171,0.0
36172,0.0
36173,0.0
36174,0.0
36175,0.0
36176,0.0
36177,0.0
36178,0.0
36179,0.0
36180,0.0
36181,0.0
36182,0.0
36183,0.0
36184,0.0
36185,0.0
36186,0.0
36187,0.0
36188,0.0
36189,0.0
36190,0.0
36191,0.0
36192,0.0
36193,0.0
36194,0.0
36195,0.0
36196,0.0
36197,0.0
36198,0.0
36199,0.0
36200,0.0
36201,0.0
36202,0.0
36203,0.0
36204,0.0
36205,0.0
36206,0.0
36207,0.0
36208,0.0
36209,0.0
36210,0.0
36211,0.0
36212,0.0
36213,0.0
36214,0.0
36215,0.0
36216,0.0
36217,0.0
36218,0.0
36219,0.0
36220,0.0
36221,0.0
36222,0.0
36223,0.0
36224,0.0
36225,0.0
36226,0.0
36227,0.0
36228,0.0
36229,0.0
36230,0.0
36231,0.0
36232,0.0
36233,0.0
36234,0.0
36235,0.0
36236,0.0
36237,0.0
36238,0.0
36239,0.0
36240,0.0
36241,0.0
36242,0.0
36243,0.0
36244,0.0
36245,0.0
36246,0.0
36247,0.0
36248,0.0
36249,0.0
36250,0.0
36251,0.0
36252,0.0
36253,0.0
36254,0.0
36255,0.0
36256,0.0
36257,0.0
36258,0.0
36259,0.0
36260,0.0
36261,0.0
36262,0.0
36263,0.0
36264,0.0
36265,0.0
36266,0.0
36267,0.0
36268,0.0
36269,0.0
36270,0.0
36271,0.0
36272,0.0
36273,0.0
36274,0.0
36275,0.0
36276,0.0
36277,0.0
36278,0.0
36279,0.0
36280,0.0
36281,0.0
36282,0.0
36283,0.0
36284,0.0
36285,0.0
36286,0.0
36287,0.0
36288,0.0
36289,0.0
36290,0.0
36291,0.0
36292,0.0
36293,0.0
36294,0.0
36295,0.0
36296,0.0
36297,0.0
36298,0.0
36299,0.0
36300,0.0
36301,0.0
36302,0.0
36303,0.0
36304,0.0
36305,0.0
36306,0.0
36307,0.0
36308,0.0
36309,0.0
36310,0.0
36311,0.0
36312,0.0
36313,0.0
36314,0.0
36315,0.0
36316,0.0
36317,0.0
36318,0.0
36319,0.0
36320,0.0
36321,0.0
36322,0.0
36323,0.0
36324,0.0
36325,0.0
36326,0.0
36327,0.0
36328,0.0
36329,0.0
36330,0.0
36331,0.0
36332,0.0
36333,0.0
36334,0.0
36335,0.0
36336,0.0
36337,0.0
36338,0.0
36339,0.0
36340,0.0
36341,0.0
36342,0.0
36343,0.0
36344,0.0
36345,0.0
36346,0.0
36347,0.0
36348,0.0
36349,0.0
36350,0.0
36351,0.0
36352,0.0
36353,0.0
36354,0.0
36355,0.0
36356,0.0
36357,0.0
36358,0.0
36359,0.0
36360,0.0
36361,0.0
36362,0.0
36363,0.0
36364,0.0
36365,0.0
36366,0.0
36367,0.0
36368,0.0
36369,0.0
36370,0.0
36371,0.0
36372,0.0
36373,0.0
36374,0.0
36375,0.0
36376,0.0
36377,0.0
36378,0.0
36379,0.0
36380,0.0
36381,0.0
36382,0.0
36383,0.0
36384,0.0
36385,0.0
36386,0.0
36387,0.0
36388,0.0
36389,0.0
36390,0.0
36391,0.0
36392,0.0
36393,0.0
36394,0.0
36395,0.0
36396,0.0
36397,0.0
36398,0.0
36399,0.0
36400,0.0
36401,0.0
36402,0.0
36403,0.0
36404,0.0
36405,0.0
36406,0.0
36407,0.0
36408,0.0
36409,0.0
36410,0.0
36411,0.0
36412,0.0
36413,0.0
36414,0.0
36415,0.0
36416,0.0
36417,0.0
36418,0.0
36419,0.0
36420,0.0
36421,0.0
36422,0.0
36423,0.0
36424,0.0
36425,0.0
36426,0.0
36427,0.0
36428,0.0
36429,0.0
36430,0.0
36431,0.0
36432,0.0
36433,0.0
36434,0.0
36435,0.0
36436,0.0
36437,0.0
36438,0.0
36439,0.0
36440,0.0
36441,0.0
36442,0.0
36443,0.0
36444,0.0
36445,0.0
36446,0.0
36447,0.0
36448,0.0
36449,0.0
36450,0.0
36451,0.0
36452,0.0
36453,0.0
36454,0.0
36455,0.0
36456,0.0
36457,0.0
36458,0.0
36459,0.0
36460,0.0
36461,0.0
36462,0.0
36463,0.0
36464,0.0
36465,0.0
36466,0.0
36467,0.0
36468,0.0
36469,0.0
36470,0.0
36471,0.0
36472,0.0
36473,0.0
36474,0.0
36475,0.0
36476,0.0
36477,0.0
36478,0.0
36479,0.0
36480,0.0
36481,0.0
36482,0.0
36483,0.0
36484,0.0
36485,0.0
36486,0.0
36487,0.0
36488,0.0
36489,0.0
36490,0.0
36491,0.0
36492,0.0
36493,0.0
36494,0.0
36495,0.0
36496,0.0
36497,0.0
36498,0.0
36499,0.0
36500,0.0
36501,0.0
36502,0.0
36503,0.0
36504,0.0
36505,0.0
36506,0.0
36507,0.0
36508,0.0
36509,0.0
36510,0.0
36511,0.0
36512,0.0
36513,0.0
36514,0.0
36515,0.0
36516,0.0
36517,0.0
36518,0.0
36519,0.0
36520,0.0
36521,0.0
36522,0.0
36523,0.0
36524,0.0
36525,0.0
36526,0.0
36527,0.0
36528,0.0
36529,0.0
36530,0.0
36531,0.0
36532,0.0
36533,0.0
36534,0.0
36535,0.0
36536,0.0
36537,0.0
36538,0.0
36539,0.0
36540,0.0
36541,0.0
36542,0.0
36543,0.0
36544,0.0
36545,0.0
36546,0.0
36547,0.0
36548,0.0
36549,0.0
36550,0.0
36551,0.0
36552,0.0
36553,0.0
36554,0.0
36555,0.0
36556,0.0
36557,0.0
36558,0.0
36559,0.0
36560,0.0
36561,0.0
36562,0.0
36563,0.0
36564,0.0
36565,0.0
36566,0.0
36567,0.0
36568,0.0
36569,0.0
36570,0.0
36571,0.0
36572,0.0
36573,0.0
36574,0.0
36575,0.0
36576,0.0
36577,0.0
36578,0.0
36579,0.0
36580,0.0
36581,0.0
36582,0.0
36583,0.0
36584,0.0
36585,0.0
36586,0.0
36587,0.0
36588,0.0
36589,0.0
36590,0.0
36591,0.0
36592,0.0
36593,0.0
36594,0.0
36595,0.0
36596,0.0
36597,0.0
36598,0.0
36599,0.0
36600,0.0
36601,0.0
36602,0.0
36603,0.0
36604,0.0
36605,0.0
36606,0.0
36607,0.0
36608,0.0
36609,0.0
36610,0.0
36611,0.0
36612,0.0
36613,0.0
36614,0.0
36615,0.0
36616,0.0
36617,0.0
36618,0.0
36619,0.0
36620,0.0
36621,0.0
36622,0.0
36623,0.0
36624,0.0
36625,0.0
36626,0.0
36627,0.0
36628,0.0
36629,0.0
36630,0.0
36631,0.0
36632,0.0
36633,0.0
36634,0.0
36635,0.0
36636,0.0
36637,0.0
36638,0.0
36639,0.0
36640,0.0
36641,0.0
36642,0.0
36643,0.0
36644,0.0
36645,0.0
36646,0.0
36647,0.0
36648,0.0
36649,0.0
36650,0.0
36651,0.0
36652,0.0
36653,0.0
36654,0.0
36655,0.0
36656,0.0
36657,0.0
36658,0.0
36659,0.0
36660,0.0
36661,0.0
36662,0.0
36663,0.0
36664,0.0
36665,0.0
36666,0.0
36667,0.0
36668,0.0
36669,0.0
36670,0.0
36671,0.0
36672,0.0
36673,0.0
36674,0.0
36675,0.0
36676,0.0
36677,0.0
36678,0.0
36679,0.0
36680,0.0
36681,0.0
36682,0.0
36683,0.0
36684,0.0
36685,0.0
36686,0.0
36687,0.0
36688,0.0
36689,0.0
36690,0.0
36691,0.0
36692,0.0
36693,0.0
36694,0.0
36695,0.0
36696,0.0
36697,0.0
36698,0.0
36699,0.0
36700,0.0
36701,0.0
36702,0.0
36703,0.0
36704,0.0
36705,0.0
36706,0.0
36707,0.0
36708,0.0
36709,0.0
36710,0.0
36711,0.0
36712,0.0
36713,0.0
36714,0.0
36715,0.0
36716,0.0
36717,0.0
36718,0.0
36719,0.0
36720,0.0
36721,0.0
36722,0.0
36723,0.0
36724,0.0
36725,0.0
36726,0.0
36727,0.0
36728,0.0
36729,0.0
36730,0.0
36731,0.0
36732,0.0
36733,0.0
36734,0.0
36735,0.0
36736,0.0
36737,0.0
36738,0.0
36739,0.0
36740,0.0
36741,0.0
36742,0.0
36743,0.0
36744,0.0
36745,0.0
36746,0.0
36747,0.0
36748,0.0
36749,0.0
36750,0.0
36751,0.0
36752,0.0
36753,0.0
36754,0.0
36755,0.0
36756,0.0
36757,0.0
36758,0.0
36759,0.0
36760,0.0
36761,0.0
36762,0.0
36763,0.0
36764,0.0
36765,0.0
36766,0.0
36767,0.0
36768,0.0
36769,0.0
36770,0.0
36771,0.0
36772,0.0
36773,0.0
36774,0.0
36775,0.0
36776,0.0
36777,0.0
36778,0.0
36779,0.0
36780,0.0
36781,0.0
36782,0.0
36783,0.0
36784,0.0
36785,0.0
36786,0.0
36787,0.0
36788,0.0
36789,0.0
36790,0.0
36791,0.0
36792,0.0
36793,0.0
36794,0.0
36795,0.0
36796,0.0
36797,0.0
36798,0.0
36799,0.0
36800,0.0
36801,0.0
36802,0.0
36803,0.0
36804,0.0
36805,0.0
36806,0.0
36807,0.0
36808,0.0
36809,0.0
36810,0.0
36811,0.0
36812,0.0
36813,0.0
36814,0.0
36815,0.0
36816,0.0
36817,0.0
36818,0.0
36819,0.0
36820,0.0
36821,0.0
36822,0.0
36823,0.0
36824,0.0
36825,0.0
36826,0.0
36827,0.0
36828,0.0
36829,0.0
36830,0.0
36831,0.0
36832,0.0
36833,0.0
36834,0.0
36835,0.0
36836,0.0
36837,0.0
36838,0.0
36839,0.0
36840,0.0
36841,0.0
36842,0.0
36843,0.0
36844,0.0
36845,0.0
36846,0.0
36847,0.0
36848,0.0
36849,0.0
36850,0.0
36851,0.0
36852,0.0
36853,0.0
36854,0.0
36855,0.0
36856,0.0
36857,0.0
36858,0.0
36859,0.0
36860,0.0
36861,0.0
36862,0.0
36863,0.0
36864,0.0
36865,0.0
36866,0.0
36867,0.0
36868,0.0
36869,0.0
36870,0.0
36871,0.0
36872,0.0
36873,0.0
36874,0.0
36875,0.0
36876,0.0
36877,0.0
36878,0.0
36879,0.0
36880,0.0
36881,0.0
36882,0.0
36883,0.0
36884,0.0
36885,0.0
36886,0.0
36887,0.0
36888,0.0
36889,0.0
36890,0.0
36891,0.0
36892,0.0
36893,0.0
36894,0.0
36895,0.0
36896,0.0
36897,0.0
36898,0.0
36899,0.0
36900,0.0
36901,0.0
36902,0.0
36903,0.0
36904,0.0
36905,0.0
36906,0.0
36907,0.0
36908,0.0
36909,0.0
36910,0.0
36911,0.0
36912,0.0
36913,0.0
36914,0.0
36915,0.0
36916,0.0
36917,0.0
36918,0.0
36919,0.0
36920,0.0
36921,0.0
36922,0.0
36923,0.0
36924,0.0
36925,0.0
36926,0.0
36927,0.0
36928,0.0
36929,0.0
36930,0.0
36931,0.0
36932,0.0
36933,0.0
36934,11.31777768
36935,0.0
36936,0.0
36937,0.0
36938,0.0
36939,0.0
36940,0.0
36941,11.31777768
36942,12.34666656
36943,12.34666656
36944,12.34666656
36945,12.34666656
36946,12.34666656
36947,11.31777768
36948,12.34666656
36949,12.34666656
36950,12.34666656
36951,12.34666656
36952,12.861111
36953,12.34666656
36954,12.34666656
36955,12.34666656
36956,12.34666656
36957,12.34666656
36958,12.34666656
36959,12.34666656
36960,12.34666656
36961,12.861111
36962,12.34666656
36963,12.34666656
36964,12.861111
36965,12.861111
36966,12.861111
36967,12.861111
36968,12.861111
36969,12.34666656
36970,11.31777768
36971,11.31777768
36972,0.0
36973,11.31777768
36974,0.0
36975,0.0
36976,0.0
36977,0.0
36978,0.0
36979,0.0
36980,0.0
36981,0.0
36982,0.0
36983,0.0
36984,0.0
36985,0.0
36986,0.0
36987,0.0
36988,0.0
36989,0.0
36990,11.31777768
36991,0.0
36992,0.0
36993,0.0
36994,0.0
36995,0.0
36996,0.0
36997,0.0
36998,0.0
36999,0.0
37000,0.0
37001,0.0
37002,0.0
37003,0.0
37004,0.0
37005,0.0
37006,0.0
37007,0.0
37008,0.0
37009,0.0
37010,0.0
37011,0.0
37012,0.0
37013,0.0
37014,0.0
37015,0.0
37016,0.0
37017,0.0
37018,0.0
37019,0.0
37020,0.0
37021,0.0
37022,0.0
37023,0.0
37024,0.0
37025,0.0
37026,0.0
37027,0.0
37028,0.0
37029,11.31777768
37030,11.31777768
37031,11.31777768
37032,12.34666656
37033,11.31777768
37034,0.0
37035,0.0
37036,0.0
37037,11.31777768
37038,11.31777768
37039,11.31777768
37040,12.34666656
37041,12.34666656
37042,12.34666656
37043,12.34666656
37044,11.31777768
37045,11.31777768
37046,12.34666656
37047,12.34666656
37048,12.34666656
37049,12.34666656
37050,12.34666656
37051,11.31777768
37052,12.34666656
37053,12.34666656
37054,12.34666656
37055,0.0
37056,11.31777768
37057,11.31777768
37058,11.31777768
37059,12.34666656
37060,12.34666656
37061,12.34666656
37062,12.34666656
37063,12.34666656
37064,12.34666656
37065,12.861111
37066,12.861111
37067,12.34666656
37068,12.34666656
37069,12.34666656
37070,12.34666656
37071,12.34666656
37072,12.34666656
37073,12.34666656
37074,11.31777768
37075,11.31777768
37076,12.34666656
37077,12.34666656
37078,12.34666656
37079,12.34666656
37080,12.34666656
37081,12.34666656
37082,12.34666656
37083,12.861111
37084,12.34666656
37085,12.34666656
37086,12.34666656
37087,12.34666656
37088,12.34666656
37089,12.34666656
37090,12.34666656
37091,12.34666656
37092,12.34666656
37093,12.34666656
37094,12.861111
37095,13.37555544
37096,13.37555544
37097,13.37555544
37098,13.37555544
37099,13.37555544
37100,13.37555544
37101,13.37555544
37102,13.37555544
37103,12.861111
37104,12.861111
37105,12.861111
37106,12.861111
37107,12.861111
37108,13.37555544
37109,13.37555544
37110,13.37555544
37111,13.37555544
37112,12.861111
37113,13.37555544
37114,13.37555544
37115,13.88999988
37116,13.88999988
37117,13.88999988
37118,13.88999988
37119,13.88999988
37120,13.88999988
37121,13.88999988
37122,13.37555544
37123,13.88999988
37124,12.861111
37125,13.37555544
37126,13.37555544
37127,13.37555544
37128,14.91888876
37129,14.40444432
37130,13.88999988
37131,13.88999988
37132,13.37555544
37133,13.37555544
37134,13.37555544
37135,13.37555544
37136,12.861111
37137,13.37555544
37138,13.37555544
37139,13.37555544
37140,14.40444432
37141,14.40444432
37142,14.91888876
37143,14.91888876
37144,14.91888876
37145,14.40444432
37146,13.88999988
37147,13.88999988
37148,14.40444432
37149,14.40444432
37150,14.40444432
37151,13.88999988
37152,13.88999988
37153,13.37555544
37154,12.34666656
37155,12.34666656
37156,12.34666656
37157,11.31777768
37158,11.31777768
37159,0.0
37160,0.0
37161,0.0
37162,0.0
37163,0.0
37164,0.0
37165,0.0
37166,0.0
37167,0.0
37168,0.0
37169,0.0
37170,0.0
37171,0.0
37172,0.0
37173,0.0
37174,0.0
37175,0.0
37176,0.0
37177,0.0
37178,0.0
37179,0.0
37180,0.0
37181,12.34666656
37182,12.34666656
37183,12.861111
37184,12.34666656
37185,12.861111
37186,12.34666656
37187,12.34666656
37188,11.31777768
37189,12.34666656
37190,12.34666656
37191,12.34666656
37192,11.31777768
37193,0.0
37194,0.0
37195,0.0
37196,0.0
37197,0.0
37198,0.0
37199,0.0
37200,0.0
37201,0.0
37202,0.0
37203,0.0
37204,0.0
37205,0.0
37206,0.0
37207,0.0
37208,0.0
37209,0.0
37210,11.31777768
37211,12.34666656
37212,12.861111
37213,13.37555544
37214,14.91888876
37215,15.4333332
37216,16.46222208
37217,15.94777764
37218,17.49111096
37219,18.51999984
37220,19.03444428
37221,21.09222204
37222,21.60666648
37223,23.66444424
37224,25.20777756
37225,26.75111088
37226,28.2944442
37227,29.32333308
37228,30.35222196
37229,31.38111084
37230,32.40999972
37231,33.4388886
37232,34.46777748
37233,36.0111108
37234,37.55444412
37235,40.641110760000004
37236,42.69888852
37237,43.7277774
37238,42.69888852
37239,43.7277774
37240,43.7277774
37241,44.75666628
37242,46.81444404
37243,47.84333292
37244,47.84333292
37245,47.84333292
37246,49.90111068
37247,49.90111068
37248,48.8722218
37249,47.84333292
37250,47.84333292
37251,46.81444404
37252,45.78555516
37253,45.27111072
37254,46.2999996
37255,48.8722218
37256,50.41555512
37257,51.444444
37258,52.47333288
37259,53.50222176
37260,52.47333288
37261,51.444444
37262,50.41555512
37263,49.38666624
37264,49.38666624
37265,49.90111068
37266,50.92999956
37267,51.444444
37268,52.47333288
37269,52.98777732
37270,52.47333288
37271,52.98777732
37272,52.47333288
37273,52.47333288
37274,52.47333288
37275,51.95888844
37276,51.444444
37277,51.95888844
37278,52.47333288
37279,52.47333288
37280,52.98777732
37281,52.47333288
37282,52.47333288
37283,53.50222176
37284,54.53111064
37285,55.55999952
37286,54.53111064
37287,54.53111064
37288,54.0166662
37289,54.0166662
37290,54.0166662
37291,54.0166662
37292,54.0166662
37293,53.50222176
37294,54.0166662
37295,55.04555508
37296,55.04555508
37297,55.04555508
37298,54.0166662
37299,54.0166662
37300,54.0166662
37301,54.0166662
37302,52.98777732
37303,54.0166662
37304,54.0166662
37305,54.0166662
37306,54.0166662
37307,54.53111064
37308,55.55999952
37309,55.55999952
37310,58.64666616
37311,58.13222172
37312,57.61777728
37313,57.61777728
37314,57.10333284
37315,57.10333284
37316,57.61777728
37317,57.61777728
37318,57.61777728
37319,58.13222172
37320,60.18999948
37321,59.67555504
37322,58.13222172
37323,58.13222172
37324,58.64666616
37325,58.64666616
37326,57.61777728
37327,56.5888884
37328,56.07444396
37329,56.5888884
37330,57.61777728
37331,57.61777728
37332,57.61777728
37333,58.13222172
37334,57.61777728
37335,58.13222172
37336,59.1611106
37337,60.18999948
37338,59.1611106
37339,58.13222172
37340,57.10333284
37341,58.13222172
37342,58.13222172
37343,59.1611106
37344,59.1611106
37345,59.67555504
37346,60.70444392
37347,61.7333328
37348,62.76222168
37349,60.70444392
37350,60.70444392
37351,60.70444392
37352,59.67555504
37353,59.67555504
37354,59.67555504
37355,59.67555504
37356,59.67555504
37357,59.1611106
37358,59.1611106
37359,59.67555504
37360,59.67555504
37361,59.67555504
37362,59.67555504
37363,59.67555504
37364,59.67555504
37365,59.67555504
37366,59.67555504
37367,59.67555504
37368,60.70444392
37369,60.70444392
37370,60.70444392
37371,59.67555504
37372,60.70444392
37373,60.70444392
37374,60.70444392
37375,60.70444392
37376,60.70444392
37377,60.70444392
37378,60.70444392
37379,60.18999948
37380,60.18999948
37381,62.24777724
37382,62.24777724
37383,62.24777724
37384,62.76222168
37385,62.24777724
37386,62.24777724
37387,62.76222168
37388,62.24777724
37389,61.7333328
37390,62.24777724
37391,62.24777724
37392,62.24777724
37393,61.7333328
37394,61.21888836
37395,61.21888836
37396,61.21888836
37397,62.24777724
37398,62.24777724
37399,62.24777724
37400,62.24777724
37401,62.24777724
37402,62.24777724
37403,62.24777724
37404,61.7333328
37405,62.24777724
37406,62.24777724
37407,62.24777724
37408,62.24777724
37409,62.24777724
37410,61.21888836
37411,61.21888836
37412,61.21888836
37413,61.21888836
37414,61.21888836
37415,61.21888836
37416,63.27666612
37417,63.79111056
37418,64.305555
37419,64.81999944
37420,65.84888832
37421,65.84888832
37422,66.36333276
37423,66.8777772
37424,67.39222164
37425,67.90666608
37426,67.90666608
37427,68.93555496
37428,68.93555496
37429,69.4499994
37430,69.96444384
37431,70.99333272
37432,70.47888828
37433,70.99333272
37434,70.99333272
37435,71.50777716
37436,71.50777716
37437,71.50777716
37438,72.0222216
37439,72.0222216
37440,72.0222216
37441,73.05111048
37442,73.05111048
37443,73.56555492
37444,73.56555492
37445,73.56555492
37446,74.07999936
37447,74.07999936
37448,74.07999936
37449,74.5944438
37450,74.07999936
37451,74.07999936
37452,74.5944438
37453,74.5944438
37454,74.5944438
37455,75.10888824
37456,75.10888824
37457,75.10888824
37458,75.10888824
37459,75.10888824
37460,75.10888824
37461,75.10888824
37462,75.10888824
37463,75.62333268
37464,75.62333268
37465,76.13777712
37466,76.13777712
37467,76.13777712
37468,76.13777712
37469,76.13777712
37470,76.13777712
37471,76.13777712
37472,76.13777712
37473,75.62333268
37474,75.62333268
37475,75.62333268
37476,75.10888824
37477,74.5944438
37478,74.5944438
37479,74.5944438
37480,74.5944438
37481,74.5944438
37482,75.10888824
37483,75.10888824
37484,74.5944438
37485,74.5944438
37486,74.5944438
37487,74.5944438
37488,74.5944438
37489,74.5944438
37490,74.5944438
37491,74.5944438
37492,74.5944438
37493,74.5944438
37494,74.5944438
37495,74.5944438
37496,74.5944438
37497,73.56555492
37498,73.56555492
37499,73.56555492
37500,73.56555492
37501,74.5944438
37502,74.5944438
37503,74.5944438
37504,74.5944438
37505,74.5944438
37506,74.5944438
37507,74.5944438
37508,74.5944438
37509,74.5944438
37510,75.10888824
37511,75.10888824
37512,75.62333268
37513,76.13777712
37514,76.13777712
37515,76.13777712
37516,76.13777712
37517,76.13777712
37518,77.166666
37519,77.166666
37520,77.166666
37521,77.166666
37522,77.166666
37523,77.166666
37524,77.166666
37525,77.166666
37526,77.166666
37527,77.166666
37528,77.166666
37529,77.166666
37530,78.19555488
37531,78.19555488
37532,78.19555488
37533,78.19555488
37534,78.19555488
37535,78.19555488
37536,78.19555488
37537,78.19555488
37538,78.19555488
37539,78.19555488
37540,78.19555488
37541,78.19555488
37542,78.70999932
37543,78.70999932
37544,78.19555488
37545,78.19555488
37546,78.70999932
37547,78.70999932
37548,78.70999932
37549,78.70999932
37550,78.70999932
37551,78.70999932
37552,78.70999932
37553,78.70999932
37554,78.70999932
37555,78.70999932
37556,78.70999932
37557,78.70999932
37558,78.70999932
37559,79.7388882
37560,79.22444376
37561,79.22444376
37562,79.22444376
37563,79.22444376
37564,78.70999932
37565,78.19555488
37566,78.19555488
37567,78.19555488
37568,78.19555488
37569,77.166666
37570,78.19555488
37571,78.19555488
37572,78.19555488
37573,77.166666
37574,77.166666
37575,77.166666
37576,78.19555488
37577,77.166666
37578,77.166666
37579,77.166666
37580,77.166666
37581,77.166666
37582,77.166666
37583,77.166666
37584,77.166666
37585,78.19555488
37586,78.19555488
37587,78.70999932
37588,79.22444376
37589,79.7388882
37590,80.76777708
37591,81.28222152000001
37592,81.28222152000001
37593,81.79666596
37594,82.3111104
37595,82.82555484
37596,82.82555484
37597,83.33999928
37598,83.33999928
37599,83.33999928
37600,83.33999928
37601,83.33999928
37602,83.85444372
37603,83.85444372
37604,83.85444372
37605,83.85444372
37606,83.85444372
37607,84.36888816
37608,83.33999928
37609,83.33999928
37610,83.33999928
37611,84.36888816
37612,84.8833326
37613,84.36888816
37614,84.36888816
37615,84.36888816
37616,84.36888816
37617,84.36888816
37618,84.8833326
37619,84.8833326
37620,84.8833326
37621,84.8833326
37622,84.8833326
37623,84.8833326
37624,84.8833326
37625,84.8833326
37626,84.8833326
37627,84.8833326
37628,84.8833326
37629,84.8833326
37630,84.8833326
37631,84.8833326
37632,84.36888816
37633,84.36888816
37634,84.36888816
37635,84.36888816
37636,84.36888816
37637,85.39777704
37638,85.39777704
37639,85.39777704
37640,85.39777704
37641,85.39777704
37642,85.39777704
37643,85.39777704
37644,85.39777704
37645,85.39777704
37646,85.39777704
37647,85.39777704
37648,85.39777704
37649,85.39777704
37650,85.39777704
37651,85.39777704
37652,85.39777704
37653,84.8833326
37654,84.8833326
37655,84.8833326
37656,84.8833326
37657,84.8833326
37658,84.8833326
37659,84.8833326
37660,84.36888816
37661,84.36888816
37662,84.36888816
37663,84.36888816
37664,83.33999928
37665,83.33999928
37666,82.82555484
37667,82.82555484
37668,82.82555484
37669,82.3111104
37670,82.3111104
37671,82.3111104
37672,82.3111104
37673,82.3111104
37674,82.3111104
37675,82.3111104
37676,82.3111104
37677,82.3111104
37678,82.3111104
37679,81.28222152000001
37680,81.28222152000001
37681,81.28222152000001
37682,81.28222152000001
37683,81.28222152000001
37684,81.28222152000001
37685,81.28222152000001
37686,81.28222152000001
37687,81.28222152000001
37688,80.76777708
37689,80.76777708
37690,80.25333264
37691,81.28222152000001
37692,81.28222152000001
37693,81.28222152000001
37694,81.28222152000001
37695,80.25333264
37696,80.25333264
37697,80.25333264
37698,79.7388882
37699,79.7388882
37700,79.7388882
37701,79.7388882
37702,79.22444376
37703,79.22444376
37704,79.22444376
37705,79.22444376
37706,79.22444376
37707,79.22444376
37708,79.22444376
37709,79.22444376
37710,79.22444376
37711,79.7388882
37712,79.7388882
37713,79.7388882
37714,79.7388882
37715,79.7388882
37716,79.7388882
37717,79.7388882
37718,79.7388882
37719,79.22444376
37720,79.22444376
37721,79.22444376
37722,79.22444376
37723,79.22444376
37724,78.70999932
37725,78.70999932
37726,78.70999932
37727,78.70999932
37728,78.70999932
37729,79.7388882
37730,79.7388882
37731,79.7388882
37732,79.22444376
37733,79.22444376
37734,79.7388882
37735,79.7388882
37736,79.7388882
37737,79.7388882
37738,79.7388882
37739,79.7388882
37740,79.7388882
37741,79.7388882
37742,79.7388882
37743,79.7388882
37744,79.22444376
37745,79.22444376
37746,79.22444376
37747,79.22444376
37748,79.22444376
37749,79.22444376
37750,78.70999932
37751,78.70999932
37752,78.70999932
37753,78.70999932
37754,78.70999932
37755,78.70999932
37756,78.19555488
37757,78.19555488
37758,78.19555488
37759,78.19555488
37760,77.68111044
37761,77.68111044
37762,77.68111044
37763,77.68111044
37764,77.68111044
37765,77.166666
37766,77.166666
37767,77.166666
37768,77.166666
37769,76.65222156
37770,76.65222156
37771,76.65222156
37772,76.65222156
37773,76.65222156
37774,76.65222156
37775,76.65222156
37776,76.65222156
37777,76.13777712
37778,76.13777712
37779,76.13777712
37780,76.13777712
37781,76.13777712
37782,76.13777712
37783,75.62333268
37784,75.62333268
37785,75.62333268
37786,75.62333268
37787,75.10888824
37788,75.10888824
37789,75.10888824
37790,75.10888824
37791,75.10888824
37792,75.10888824
37793,74.5944438
37794,74.5944438
37795,74.5944438
37796,75.10888824
37797,75.10888824
37798,75.10888824
37799,75.10888824
37800,75.10888824
37801,75.10888824
37802,75.10888824
37803,75.10888824
37804,75.10888824
37805,75.10888824
37806,75.62333268
37807,75.62333268
37808,75.62333268
37809,75.62333268
37810,75.62333268
37811,75.62333268
37812,76.65222156
37813,76.65222156
37814,76.65222156
37815,76.65222156
37816,76.65222156
37817,77.68111044
37818,77.68111044
37819,77.68111044
37820,77.68111044
37821,78.19555488
37822,78.19555488
37823,78.19555488
37824,78.19555488
37825,78.19555488
37826,78.70999932
37827,78.70999932
37828,78.70999932
37829,79.22444376
37830,78.70999932
37831,78.70999932
37832,78.70999932
37833,79.22444376
37834,79.22444376
37835,79.22444376
37836,79.22444376
37837,79.22444376
37838,79.22444376
37839,79.22444376
37840,79.22444376
37841,79.22444376
37842,79.22444376
37843,79.22444376
37844,79.22444376
37845,79.22444376
37846,79.7388882
37847,79.7388882
37848,80.25333264
37849,80.25333264
37850,80.25333264
37851,80.25333264
37852,80.25333264
37853,80.25333264
37854,80.25333264
37855,80.76777708
37856,80.76777708
37857,80.76777708
37858,80.76777708
37859,80.76777708
37860,80.25333264
37861,80.25333264
37862,80.25333264
37863,80.25333264
37864,79.7388882
37865,79.7388882
37866,79.7388882
37867,79.7388882
37868,79.7388882
37869,79.22444376
37870,79.22444376
37871,79.22444376
37872,79.22444376
37873,78.70999932
37874,78.70999932
37875,78.70999932
37876,78.70999932
37877,78.70999932
37878,78.70999932
37879,78.70999932
37880,78.70999932
37881,78.70999932
37882,78.70999932
37883,78.70999932
37884,78.19555488
37885,78.19555488
37886,78.19555488
37887,78.19555488
37888,77.68111044
37889,77.68111044
37890,77.68111044
37891,77.68111044
37892,77.166666
37893,77.166666
37894,77.166666
37895,77.166666
37896,77.166666
37897,77.166666
37898,77.166666
37899,77.166666
37900,77.166666
37901,77.166666
37902,77.166666
37903,76.13777712
37904,76.13777712
37905,76.13777712
37906,76.13777712
37907,76.13777712
37908,76.13777712
37909,76.13777712
37910,75.62333268
37911,76.13777712
37912,76.13777712
37913,75.62333268
37914,75.62333268
37915,75.62333268
37916,75.10888824
37917,75.62333268
37918,75.62333268
37919,75.62333268
37920,75.10888824
37921,75.10888824
37922,74.5944438
37923,74.5944438
37924,74.5944438
37925,74.5944438
37926,74.07999936
37927,74.07999936
37928,74.07999936
37929,74.07999936
37930,74.07999936
37931,74.07999936
37932,74.07999936
37933,73.56555492
37934,73.56555492
37935,73.56555492
37936,73.56555492
37937,73.56555492
37938,73.05111048
37939,73.05111048
37940,73.05111048
37941,73.05111048
37942,73.05111048
37943,73.05111048
37944,73.56555492
37945,73.56555492
37946,73.56555492
37947,73.56555492
37948,73.56555492
37949,73.56555492
37950,73.05111048
37951,73.05111048
37952,73.05111048
37953,73.56555492
37954,73.56555492
37955,73.56555492
37956,73.56555492
37957,73.05111048
37958,73.05111048
37959,73.56555492
37960,73.05111048
37961,74.07999936
37962,73.56555492
37963,73.56555492
37964,74.07999936
37965,74.07999936
37966,74.07999936
37967,74.07999936
37968,74.07999936
37969,74.07999936
37970,74.07999936
37971,74.07999936
37972,74.07999936
37973,74.07999936
37974,74.5944438
37975,74.5944438
37976,74.5944438
37977,74.5944438
37978,74.5944438
37979,74.5944438
37980,74.5944438
37981,75.10888824
37982,75.10888824
37983,74.5944438
37984,74.07999936
37985,73.05111048
37986,73.56555492
37987,73.56555492
37988,73.56555492
37989,73.56555492
37990,74.07999936
37991,74.07999936
37992,74.07999936
37993,74.07999936
37994,74.5944438
37995,74.5944438
37996,74.5944438
37997,74.5944438
37998,75.10888824
37999,75.62333268
38000,75.62333268
38001,76.13777712
38002,76.13777712
38003,76.65222156
38004,76.65222156
38005,76.65222156
38006,76.65222156
38007,77.166666
38008,77.68111044
38009,77.68111044
38010,78.19555488
38011,78.70999932
38012,79.22444376
38013,79.22444376
38014,79.22444376
38015,79.7388882
38016,79.7388882
38017,79.7388882
38018,79.7388882
38019,79.7388882
38020,79.7388882
38021,79.7388882
38022,80.25333264
38023,80.76777708
38024,80.76777708
38025,80.25333264
38026,80.25333264
38027,80.25333264
38028,79.7388882
38029,80.76777708
38030,80.76777708
38031,80.76777708
38032,80.76777708
38033,81.28222152000001
38034,81.79666596
38035,81.28222152000001
38036,81.28222152000001
38037,81.28222152000001
38038,81.28222152000001
38039,81.79666596
38040,82.3111104
38041,81.79666596
38042,81.28222152000001
38043,81.28222152000001
38044,81.28222152000001
38045,81.79666596
38046,81.79666596
38047,81.79666596
38048,81.79666596
38049,81.79666596
38050,81.79666596
38051,81.79666596
38052,81.28222152000001
38053,81.28222152000001
38054,80.76777708
38055,80.76777708
38056,80.76777708
38057,80.25333264
38058,80.25333264
38059,80.76777708
38060,80.76777708
38061,80.25333264
38062,80.25333264
38063,80.25333264
38064,80.25333264
38065,80.25333264
38066,80.25333264
38067,80.76777708
38068,80.76777708
38069,80.76777708
38070,81.28222152000001
38071,81.28222152000001
38072,81.28222152000001
38073,81.28222152000001
38074,81.79666596
38075,81.79666596
38076,81.79666596
38077,82.3111104
38078,82.3111104
38079,82.82555484
38080,82.3111104
38081,82.82555484
38082,82.82555484
38083,82.82555484
38084,82.82555484
38085,82.82555484
38086,82.82555484
38087,82.82555484
38088,82.82555484
38089,82.82555484
38090,82.3111104
38091,82.82555484
38092,82.82555484
38093,82.82555484
38094,82.82555484
38095,82.82555484
38096,82.82555484
38097,82.82555484
38098,83.33999928
38099,83.33999928
38100,83.33999928
38101,83.33999928
38102,83.33999928
38103,82.82555484
38104,82.82555484
38105,82.82555484
38106,82.82555484
38107,82.82555484
38108,82.82555484
38109,82.82555484
38110,82.3111104
38111,82.3111104
38112,82.3111104
38113,82.82555484
38114,82.82555484
38115,82.82555484
38116,82.3111104
38117,81.79666596
38118,81.79666596
38119,81.79666596
38120,81.79666596
38121,82.3111104
38122,82.3111104
38123,82.82555484
38124,82.82555484
38125,81.79666596
38126,81.79666596
38127,81.79666596
38128,81.79666596
38129,81.79666596
38130,81.79666596
38131,81.79666596
38132,81.79666596
38133,81.79666596
38134,81.79666596
38135,81.79666596
38136,81.79666596
38137,81.79666596
38138,81.79666596
38139,82.3111104
38140,83.33999928
38141,82.82555484
38142,82.82555484
38143,82.82555484
38144,82.82555484
38145,83.33999928
38146,83.33999928
38147,83.33999928
38148,83.33999928
38149,83.33999928
38150,83.33999928
38151,82.3111104
38152,81.79666596
38153,80.76777708
38154,80.25333264
38155,80.25333264
38156,80.25333264
38157,80.25333264
38158,80.25333264
38159,80.76777708
38160,80.76777708
38161,80.76777708
38162,80.76777708
38163,80.76777708
38164,80.25333264
38165,80.25333264
38166,80.25333264
38167,80.25333264
38168,80.25333264
38169,79.7388882
38170,79.22444376
38171,78.70999932
38172,78.70999932
38173,78.19555488
38174,77.68111044
38175,77.166666
38176,76.65222156
38177,76.65222156
38178,76.13777712
38179,76.13777712
38180,76.13777712
38181,75.62333268
38182,75.62333268
38183,75.62333268
38184,75.10888824
38185,75.10888824
38186,75.10888824
38187,74.5944438
38188,74.07999936
38189,74.07999936
38190,74.07999936
38191,73.05111048
38192,73.05111048
38193,73.05111048
38194,73.56555492
38195,74.07999936
38196,74.07999936
38197,73.05111048
38198,73.05111048
38199,73.05111048
38200,72.53666604
38201,72.53666604
38202,72.53666604
38203,72.0222216
38204,71.50777716
38205,71.50777716
38206,71.50777716
38207,70.99333272
38208,70.99333272
38209,71.50777716
38210,71.50777716
38211,71.50777716
38212,71.50777716
38213,71.50777716
38214,71.50777716
38215,71.50777716
38216,71.50777716
38217,71.50777716
38218,72.0222216
38219,71.50777716
38220,71.50777716
38221,71.50777716
38222,71.50777716
38223,71.50777716
38224,71.50777716
38225,71.50777716
38226,71.50777716
38227,71.50777716
38228,71.50777716
38229,71.50777716
38230,72.0222216
38231,72.0222216
38232,72.53666604
38233,72.53666604
38234,72.53666604
38235,73.05111048
38236,73.56555492
38237,74.5944438
38238,74.5944438
38239,74.5944438
38240,74.5944438
38241,74.5944438
38242,74.5944438
38243,75.10888824
38244,75.10888824
38245,75.10888824
38246,75.10888824
38247,75.10888824
38248,75.10888824
38249,75.10888824
38250,75.62333268
38251,75.62333268
38252,75.62333268
38253,76.13777712
38254,75.62333268
38255,76.13777712
38256,76.65222156
38257,77.166666
38258,77.68111044
38259,77.68111044
38260,78.19555488
38261,78.70999932
38262,79.22444376
38263,78.70999932
38264,79.22444376
38265,79.22444376
38266,79.7388882
38267,80.76777708
38268,80.25333264
38269,80.25333264
38270,80.25333264
38271,81.28222152000001
38272,81.28222152000001
38273,82.82555484
38274,82.82555484
38275,82.82555484
38276,82.82555484
38277,82.82555484
38278,83.33999928
38279,83.85444372
38280,83.33999928
38281,83.85444372
38282,84.36888816
38283,84.36888816
38284,84.36888816
38285,84.36888816
38286,84.36888816
38287,84.36888816
38288,84.36888816
38289,83.85444372
38290,83.85444372
38291,82.82555484
38292,82.3111104
38293,82.82555484
38294,82.82555484
38295,82.82555484
38296,82.82555484
38297,82.82555484
38298,82.82555484
38299,82.82555484
38300,83.85444372
38301,83.85444372
38302,83.85444372
38303,83.85444372
38304,83.85444372
38305,83.85444372
38306,83.85444372
38307,83.85444372
38308,84.36888816
38309,84.36888816
38310,84.36888816
38311,84.36888816
38312,84.36888816
38313,84.36888816
38314,84.36888816
38315,84.36888816
38316,85.39777704
38317,85.39777704
38318,84.36888816
38319,84.36888816
38320,84.36888816
38321,84.8833326
38322,84.8833326
38323,84.8833326
38324,85.39777704
38325,84.8833326
38326,84.8833326
38327,85.39777704
38328,85.39777704
38329,85.39777704
38330,85.39777704
38331,85.39777704
38332,84.8833326
38333,84.8833326
38334,84.8833326
38335,84.8833326
38336,84.8833326
38337,85.39777704
38338,84.8833326
38339,84.8833326
38340,84.36888816
38341,84.36888816
38342,83.33999928
38343,82.82555484
38344,82.3111104
38345,82.3111104
38346,82.3111104
38347,80.76777708
38348,80.25333264
38349,78.70999932
38350,78.70999932
38351,78.70999932
38352,77.68111044
38353,77.68111044
38354,77.166666
38355,77.166666
38356,76.65222156
38357,76.13777712
38358,75.62333268
38359,75.10888824
38360,74.5944438
38361,74.07999936
38362,73.56555492
38363,73.56555492
38364,73.05111048
38365,72.53666604
38366,72.0222216
38367,71.50777716
38368,71.50777716
38369,70.99333272
38370,70.99333272
38371,70.47888828
38372,70.47888828
38373,69.96444384
38374,69.96444384
38375,69.4499994
38376,69.4499994
38377,68.93555496
38378,68.42111052
38379,68.93555496
38380,68.93555496
38381,68.93555496
38382,67.90666608
38383,67.90666608
38384,67.39222164
38385,66.8777772
38386,66.36333276
38387,65.84888832
38388,65.84888832
38389,65.84888832
38390,65.33444388
38391,65.33444388
38392,65.84888832
38393,65.84888832
38394,66.36333276
38395,66.36333276
38396,66.36333276
38397,66.36333276
38398,65.84888832
38399,65.84888832
38400,65.33444388
38401,65.84888832
38402,65.84888832
38403,65.84888832
38404,65.33444388
38405,65.33444388
38406,65.33444388
38407,65.33444388
38408,64.81999944
38409,64.81999944
38410,64.81999944
38411,65.33444388
38412,65.84888832
38413,65.84888832
38414,65.84888832
38415,65.33444388
38416,65.33444388
38417,64.305555
38418,64.305555
38419,63.79111056
38420,63.27666612
38421,63.27666612
38422,63.27666612
38423,63.27666612
38424,63.27666612
38425,63.27666612
38426,62.76222168
38427,63.27666612
38428,63.27666612
38429,63.27666612
38430,62.76222168
38431,62.76222168
38432,62.76222168
38433,63.27666612
38434,63.79111056
38435,63.27666612
38436,63.27666612
38437,63.27666612
38438,63.27666612
38439,63.27666612
38440,63.27666612
38441,63.79111056
38442,63.79111056
38443,63.27666612
38444,62.76222168
38445,61.7333328
38446,61.7333328
38447,61.7333328
38448,61.7333328
38449,61.7333328
38450,62.24777724
38451,62.24777724
38452,62.24777724
38453,61.7333328
38454,61.7333328
38455,60.70444392
38456,60.70444392
38457,60.70444392
38458,60.70444392
38459,60.70444392
38460,60.70444392
38461,60.70444392
38462,60.70444392
38463,60.70444392
38464,60.70444392
38465,60.70444392
38466,60.70444392
38467,60.70444392
38468,60.70444392
38469,61.7333328
38470,61.7333328
38471,61.7333328
38472,61.7333328
38473,61.7333328
38474,61.7333328
38475,60.70444392
38476,60.70444392
38477,59.67555504
38478,59.67555504
38479,59.67555504
38480,59.67555504
38481,59.67555504
38482,59.67555504
38483,59.67555504
38484,59.67555504
38485,59.67555504
38486,59.1611106
38487,59.1611106
38488,59.1611106
38489,59.1611106
38490,59.1611106
38491,58.64666616
38492,59.1611106
38493,59.1611106
38494,59.1611106
38495,59.67555504
38496,59.67555504
38497,59.67555504
38498,60.70444392
38499,60.70444392
38500,61.7333328
38501,61.7333328
38502,60.70444392
38503,60.70444392
38504,61.7333328
38505,61.7333328
38506,61.7333328
38507,61.7333328
38508,61.7333328
38509,61.7333328
38510,62.76222168
38511,62.76222168
38512,62.76222168
38513,62.76222168
38514,62.76222168
38515,62.76222168
38516,62.76222168
38517,62.76222168
38518,62.76222168
38519,61.7333328
38520,60.18999948
38521,60.70444392
38522,60.70444392
38523,60.70444392
38524,61.7333328
38525,61.7333328
38526,61.7333328
38527,61.21888836
38528,61.21888836
38529,60.70444392
38530,60.70444392
38531,61.21888836
38532,60.70444392
38533,60.70444392
38534,60.70444392
38535,61.21888836
38536,61.21888836
38537,60.70444392
38538,60.70444392
38539,61.21888836
38540,61.21888836
38541,61.21888836
38542,61.21888836
38543,61.21888836
38544,61.21888836
38545,61.21888836
38546,61.21888836
38547,61.21888836
38548,61.21888836
38549,61.21888836
38550,61.21888836
38551,61.21888836
38552,61.7333328
38553,61.7333328
38554,61.7333328
38555,61.7333328
38556,61.7333328
38557,61.7333328
38558,61.7333328
38559,61.7333328
38560,61.7333328
38561,61.7333328
38562,62.24777724
38563,63.27666612
38564,62.76222168
38565,62.76222168
38566,62.76222168
38567,62.76222168
38568,62.76222168
38569,62.76222168
38570,62.76222168
38571,62.76222168
38572,62.76222168
38573,62.76222168
38574,62.76222168
38575,62.76222168
38576,62.76222168
38577,62.76222168
38578,62.76222168
38579,62.76222168
38580,63.79111056
38581,63.27666612
38582,63.27666612
38583,63.27666612
38584,63.27666612
38585,62.76222168
38586,63.27666612
38587,63.79111056
38588,63.79111056
38589,63.79111056
38590,63.27666612
38591,63.27666612
38592,63.27666612
38593,63.27666612
38594,62.76222168
38595,62.76222168
38596,62.76222168
38597,63.27666612
38598,63.27666612
38599,63.27666612
38600,63.27666612
38601,63.27666612
38602,63.27666612
38603,62.76222168
38604,62.24777724
38605,62.24777724
38606,62.24777724
38607,62.24777724
38608,62.24777724
38609,62.24777724
38610,61.7333328
38611,62.24777724
38612,62.24777724
38613,62.24777724
38614,62.24777724
38615,62.24777724
38616,62.24777724
38617,62.24777724
38618,61.7333328
38619,61.7333328
38620,61.7333328
38621,60.70444392
38622,60.70444392
38623,60.70444392
38624,61.7333328
38625,61.7333328
38626,60.70444392
38627,60.70444392
38628,60.70444392
38629,60.70444392
38630,60.70444392
38631,60.70444392
38632,60.70444392
38633,60.70444392
38634,61.7333328
38635,61.21888836
38636,60.70444392
38637,61.21888836
38638,60.70444392
38639,60.18999948
38640,60.18999948
38641,60.70444392
38642,61.7333328
38643,61.21888836
38644,60.70444392
38645,60.70444392
38646,61.21888836
38647,61.7333328
38648,62.24777724
38649,61.7333328
38650,61.7333328
38651,62.24777724
38652,62.24777724
38653,62.24777724
38654,61.7333328
38655,62.76222168
38656,62.76222168
38657,62.76222168
38658,62.24777724
38659,62.76222168
38660,62.76222168
38661,61.21888836
38662,61.21888836
38663,61.7333328
38664,60.18999948
38665,60.18999948
38666,59.1611106
38667,60.18999948
38668,60.18999948
38669,60.18999948
38670,60.18999948
38671,60.18999948
38672,60.18999948
38673,60.18999948
38674,60.18999948
38675,60.18999948
38676,62.24777724
38677,63.27666612
38678,63.27666612
38679,62.76222168
38680,63.79111056
38681,63.27666612
38682,63.27666612
38683,61.7333328
38684,61.7333328
38685,60.70444392
38686,59.67555504
38687,59.67555504
38688,58.64666616
38689,59.67555504
38690,58.13222172
38691,57.10333284
38692,57.10333284
38693,57.61777728
38694,57.61777728
38695,57.61777728
38696,56.5888884
38697,57.10333284
38698,56.5888884
38699,56.07444396
38700,55.55999952
38701,55.55999952
38702,56.07444396
38703,57.61777728
38704,58.13222172
38705,59.1611106
38706,59.1611106
38707,59.1611106
38708,60.70444392
38709,61.21888836
38710,57.61777728
38711,59.67555504
38712,60.18999948
38713,59.67555504
38714,60.70444392
38715,62.76222168
38716,58.13222172
38717,53.50222176
38718,56.5888884
38719,56.07444396
38720,55.55999952
38721,56.5888884
38722,56.5888884
38723,56.5888884
38724,56.5888884
38725,57.61777728
38726,58.13222172
38727,57.10333284
38728,56.5888884
38729,57.10333284
38730,56.5888884
38731,57.10333284
38732,57.10333284
38733,56.5888884
38734,57.10333284
38735,57.10333284
38736,56.5888884
38737,56.5888884
38738,56.5888884
38739,56.07444396
38740,55.04555508
38741,56.07444396
38742,55.04555508
38743,52.98777732
38744,54.0166662
38745,52.47333288
38746,51.95888844
38747,52.98777732
38748,54.0166662
38749,55.04555508
38750,55.04555508
38751,56.07444396
38752,56.5888884
38753,56.5888884
38754,56.07444396
38755,56.07444396
38756,56.07444396
38757,56.5888884
38758,58.13222172
38759,58.64666616
38760,58.13222172
38761,57.61777728
38762,58.64666616
38763,58.64666616
38764,59.1611106
38765,59.67555504
38766,59.1611106
38767,58.64666616
38768,59.1611106
38769,58.64666616
38770,60.18999948
38771,61.21888836
38772,62.76222168
38773,62.76222168
38774,62.24777724
38775,61.7333328
38776,62.24777724
38777,61.7333328
38778,63.79111056
38779,63.27666612
38780,62.76222168
38781,63.79111056
38782,62.76222168
38783,62.76222168
38784,62.76222168
38785,62.76222168
38786,62.76222168
38787,62.76222168
38788,62.76222168
38789,62.76222168
38790,63.27666612
38791,62.76222168
38792,62.24777724
38793,64.305555
38794,64.305555
38795,64.305555
38796,63.27666612
38797,63.27666612
38798,64.305555
38799,65.33444388
38800,64.305555
38801,64.81999944
38802,65.84888832
38803,65.84888832
38804,66.36333276
38805,66.36333276
38806,65.84888832
38807,65.33444388
38808,65.33444388
38809,65.84888832
38810,65.84888832
38811,65.84888832
38812,66.36333276
38813,67.39222164
38814,67.39222164
38815,67.90666608
38816,68.42111052
38817,69.4499994
38818,69.96444384
38819,70.99333272
38820,70.99333272
38821,72.0222216
38822,69.96444384
38823,69.4499994
38824,69.96444384
38825,69.96444384
38826,69.4499994
38827,70.47888828
38828,69.96444384
38829,70.47888828
38830,70.47888828
38831,70.99333272
38832,72.53666604
38833,73.05111048
38834,72.53666604
38835,73.05111048
38836,74.07999936
38837,74.5944438
38838,75.62333268
38839,75.62333268
38840,75.10888824
38841,76.13777712
38842,76.13777712
38843,75.62333268
38844,76.13777712
38845,76.13777712
38846,76.13777712
38847,76.65222156
38848,77.166666
38849,78.19555488
38850,78.70999932
38851,78.70999932
38852,78.19555488
38853,78.19555488
38854,77.68111044
38855,78.70999932
38856,78.70999932
38857,79.7388882
38858,79.7388882
38859,80.25333264
38860,80.25333264
38861,80.25333264
38862,80.25333264
38863,80.25333264
38864,80.25333264
38865,80.25333264
38866,79.22444376
38867,79.7388882
38868,80.76777708
38869,81.79666596
38870,82.3111104
38871,82.3111104
38872,82.3111104
38873,81.79666596
38874,81.28222152000001
38875,81.79666596
38876,81.79666596
38877,82.3111104
38878,82.3111104
38879,81.28222152000001
38880,81.28222152000001
38881,81.28222152000001
38882,80.76777708
38883,80.76777708
38884,80.76777708
38885,80.76777708
38886,80.76777708
38887,80.76777708
38888,81.28222152000001
38889,81.28222152000001
38890,81.28222152000001
38891,81.28222152000001
38892,80.25333264
38893,79.7388882
38894,80.25333264
38895,79.7388882
38896,79.22444376
38897,79.22444376
38898,79.22444376
38899,78.19555488
38900,78.19555488
38901,77.166666
38902,77.166666
38903,77.166666
38904,76.65222156
38905,75.62333268
38906,75.62333268
38907,76.13777712
38908,76.65222156
38909,76.65222156
38910,75.62333268
38911,76.13777712
38912,76.13777712
38913,76.65222156
38914,76.13777712
38915,76.65222156
38916,76.13777712
38917,76.65222156
38918,76.13777712
38919,75.62333268
38920,75.62333268
38921,75.62333268
38922,75.10888824
38923,75.10888824
38924,74.07999936
38925,74.5944438
38926,74.5944438
38927,74.07999936
38928,74.07999936
38929,73.56555492
38930,73.56555492
38931,73.56555492
38932,74.07999936
38933,74.07999936
38934,73.56555492
38935,73.56555492
38936,73.56555492
38937,74.07999936
38938,74.07999936
38939,74.5944438
38940,75.62333268
38941,75.62333268
38942,75.62333268
38943,75.62333268
38944,76.13777712
38945,75.62333268
38946,75.62333268
38947,74.5944438
38948,75.10888824
38949,75.10888824
38950,75.62333268
38951,75.62333268
38952,75.62333268
38953,75.62333268
38954,75.10888824
38955,75.10888824
38956,75.10888824
38957,74.5944438
38958,74.5944438
38959,76.13777712
38960,76.65222156
38961,76.65222156
38962,77.166666
38963,78.19555488
38964,77.68111044
38965,77.68111044
38966,78.19555488
38967,77.68111044
38968,77.68111044
38969,78.19555488
38970,78.19555488
38971,78.19555488
38972,78.70999932
38973,78.19555488
38974,78.19555488
38975,78.19555488
38976,78.19555488
38977,78.70999932
38978,78.70999932
38979,78.70999932
38980,78.19555488
38981,78.19555488
38982,78.19555488
38983,78.19555488
38984,78.19555488
38985,78.19555488
38986,78.19555488
38987,77.68111044
38988,77.68111044
38989,77.68111044
38990,77.68111044
38991,78.19555488
38992,77.68111044
38993,77.68111044
38994,77.68111044
38995,77.68111044
38996,78.19555488
38997,78.19555488
38998,78.19555488
38999,77.68111044
39000,77.68111044
39001,77.68111044
39002,77.68111044
39003,77.68111044
39004,77.68111044
39005,77.68111044
39006,77.68111044
39007,77.68111044
39008,77.68111044
39009,77.68111044
39010,77.68111044
39011,77.68111044
39012,77.68111044
39013,77.68111044
39014,77.166666
39015,76.65222156
39016,77.166666
39017,77.166666
39018,77.166666
39019,77.166666
39020,77.166666
39021,76.65222156
39022,76.65222156
39023,76.65222156
39024,76.65222156
39025,76.65222156
39026,76.65222156
39027,76.13777712
39028,76.65222156
39029,76.65222156
39030,76.65222156
39031,76.65222156
39032,76.13777712
39033,75.62333268
39034,76.13777712
39035,76.65222156
39036,77.68111044
39037,77.166666
39038,77.166666
39039,76.65222156
39040,76.65222156
39041,76.65222156
39042,76.65222156
39043,77.166666
39044,77.166666
39045,77.166666
39046,76.65222156
39047,76.65222156
39048,76.65222156
39049,76.65222156
39050,77.166666
39051,77.166666
39052,77.166666
39053,76.65222156
39054,76.65222156
39055,76.65222156
39056,76.65222156
39057,76.65222156
39058,76.65222156
39059,76.65222156
39060,76.13777712
39061,76.13777712
39062,76.13777712
39063,76.13777712
39064,75.62333268
39065,75.10888824
39066,75.10888824
39067,75.10888824
39068,75.10888824
39069,75.10888824
39070,75.62333268
39071,75.62333268
39072,76.13777712
39073,76.13777712
39074,76.13777712
39075,76.65222156
39076,76.65222156
39077,76.65222156
39078,76.65222156
39079,76.65222156
39080,76.65222156
39081,76.65222156
39082,76.65222156
39083,76.65222156
39084,76.13777712
39085,76.13777712
39086,75.62333268
39087,75.62333268
39088,75.62333268
39089,75.10888824
39090,74.5944438
39091,75.10888824
39092,74.5944438
39093,74.5944438
39094,74.5944438
39095,74.5944438
39096,74.5944438
39097,73.56555492
39098,74.07999936
39099,74.07999936
39100,74.07999936
39101,74.07999936
39102,74.07999936
39103,74.07999936
39104,75.10888824
39105,75.10888824
39106,75.10888824
39107,75.10888824
39108,75.10888824
39109,75.10888824
39110,75.10888824
39111,75.10888824
39112,75.10888824
39113,75.10888824
39114,75.10888824
39115,75.10888824
39116,75.10888824
39117,75.10888824
39118,75.10888824
39119,75.10888824
39120,75.10888824
39121,75.10888824
39122,75.10888824
39123,75.10888824
39124,75.10888824
39125,76.13777712
39126,76.13777712
39127,76.13777712
39128,75.10888824
39129,76.13777712
39130,76.13777712
39131,76.13777712
39132,76.13777712
39133,76.13777712
39134,75.10888824
39135,75.10888824
39136,76.13777712
39137,76.13777712
39138,76.13777712
39139,76.13777712
39140,76.13777712
39141,76.13777712
39142,76.13777712
39143,76.65222156
39144,76.65222156
39145,76.65222156
39146,76.65222156
39147,76.65222156
39148,77.166666
39149,77.166666
39150,77.166666
39151,77.68111044
39152,77.68111044
39153,77.68111044
39154,77.68111044
39155,78.19555488
39156,78.70999932
39157,78.70999932
39158,78.70999932
39159,79.22444376
39160,79.22444376
39161,79.22444376
39162,79.7388882
39163,79.7388882
39164,79.7388882
39165,79.7388882
39166,79.7388882
39167,79.22444376
39168,80.25333264
39169,79.7388882
39170,80.25333264
39171,79.7388882
39172,79.7388882
39173,79.7388882
39174,80.25333264
39175,80.25333264
39176,80.25333264
39177,80.25333264
39178,80.25333264
39179,79.7388882
39180,80.25333264
39181,80.25333264
39182,80.25333264
39183,79.7388882
39184,79.7388882
39185,80.25333264
39186,79.7388882
39187,79.7388882
39188,79.7388882
39189,79.22444376
39190,78.70999932
39191,78.70999932
39192,79.22444376
39193,78.70999932
39194,78.70999932
39195,78.19555488
39196,77.68111044
39197,78.19555488
39198,77.68111044
39199,77.68111044
39200,77.68111044
39201,77.68111044
39202,77.166666
39203,77.166666
39204,77.166666
39205,76.65222156
39206,76.65222156
39207,76.65222156
39208,76.65222156
39209,76.13777712
39210,76.13777712
39211,76.13777712
39212,75.62333268
39213,75.62333268
39214,75.10888824
39215,75.10888824
39216,75.10888824
39217,74.5944438
39218,74.5944438
39219,74.07999936
39220,73.56555492
39221,73.56555492
39222,73.56555492
39223,73.56555492
39224,73.56555492
39225,74.07999936
39226,74.07999936
39227,74.07999936
39228,74.5944438
39229,74.07999936
39230,74.07999936
39231,74.07999936
39232,74.07999936
39233,74.07999936
39234,74.07999936
39235,74.07999936
39236,74.07999936
39237,74.07999936
39238,74.07999936
39239,73.56555492
39240,73.56555492
39241,73.56555492
39242,73.56555492
39243,73.56555492
39244,73.56555492
39245,73.56555492
39246,73.56555492
39247,74.07999936
39248,75.10888824
39249,75.10888824
39250,75.10888824
39251,76.13777712
39252,76.13777712
39253,76.13777712
39254,75.10888824
39255,75.10888824
39256,74.07999936
39257,73.56555492
39258,73.56555492
39259,73.05111048
39260,73.56555492
39261,73.56555492
39262,73.56555492
39263,73.56555492
39264,75.10888824
39265,75.10888824
39266,74.07999936
39267,73.56555492
39268,74.07999936
39269,74.5944438
39270,75.10888824
39271,75.10888824
39272,75.10888824
39273,74.5944438
39274,74.5944438
39275,74.5944438
39276,74.5944438
39277,74.5944438
39278,74.5944438
39279,74.5944438
39280,74.5944438
39281,74.5944438
39282,74.07999936
39283,74.07999936
39284,74.07999936
39285,73.56555492
39286,74.07999936
39287,73.56555492
39288,74.07999936
39289,74.07999936
39290,75.10888824
39291,75.10888824
39292,74.5944438
39293,74.5944438
39294,74.5944438
39295,74.5944438
39296,74.07999936
39297,73.56555492
39298,72.0222216
39299,72.53666604
39300,72.0222216
39301,72.0222216
39302,71.50777716
39303,71.50777716
39304,71.50777716
39305,71.50777716
39306,70.99333272
39307,70.99333272
39308,70.99333272
39309,72.0222216
39310,71.50777716
39311,70.99333272
39312,70.47888828
39313,70.47888828
39314,69.96444384
39315,68.93555496
39316,68.93555496
39317,68.93555496
39318,69.4499994
39319,69.4499994
39320,69.4499994
39321,69.4499994
39322,68.93555496
39323,68.42111052
39324,68.42111052
39325,67.39222164
39326,67.39222164
39327,67.90666608
39328,67.90666608
39329,67.90666608
39330,67.90666608
39331,67.90666608
39332,68.42111052
39333,68.42111052
39334,68.42111052
39335,68.42111052
39336,67.90666608
39337,67.39222164
39338,66.8777772
39339,66.8777772
39340,66.36333276
39341,66.36333276
39342,65.84888832
39343,65.33444388
39344,65.33444388
39345,65.33444388
39346,65.33444388
39347,64.81999944
39348,64.305555
39349,64.305555
39350,64.305555
39351,64.305555
39352,64.305555
39353,64.305555
39354,64.305555
39355,64.305555
39356,64.305555
39357,63.79111056
39358,64.305555
39359,64.305555
39360,64.305555
39361,63.79111056
39362,63.27666612
39363,63.27666612
39364,63.27666612
39365,63.27666612
39366,63.27666612
39367,62.24777724
39368,62.24777724
39369,62.24777724
39370,62.24777724
39371,62.24777724
39372,62.24777724
39373,61.7333328
39374,62.24777724
39375,62.24777724
39376,62.76222168
39377,62.24777724
39378,62.76222168
39379,62.76222168
39380,63.27666612
39381,63.27666612
39382,63.27666612
39383,63.27666612
39384,62.76222168
39385,62.24777724
39386,61.7333328
39387,61.7333328
39388,61.7333328
39389,61.7333328
39390,61.7333328
39391,60.70444392
39392,61.21888836
39393,61.21888836
39394,61.21888836
39395,61.21888836
39396,61.21888836
39397,61.7333328
39398,61.7333328
39399,61.21888836
39400,61.21888836
39401,61.21888836
39402,60.70444392
39403,60.70444392
39404,60.70444392
39405,60.70444392
39406,61.21888836
39407,61.21888836
39408,61.21888836
39409,61.21888836
39410,60.70444392
39411,60.70444392
39412,60.70444392
39413,60.18999948
39414,60.18999948
39415,59.1611106
39416,59.1611106
39417,58.13222172
39418,59.1611106
39419,60.18999948
39420,60.18999948
39421,60.18999948
39422,60.18999948
39423,60.18999948
39424,60.18999948
39425,59.1611106
39426,57.61777728
39427,58.13222172
39428,57.61777728
39429,58.13222172
39430,58.64666616
39431,58.64666616
39432,58.64666616
39433,58.13222172
39434,58.13222172
39435,58.64666616
39436,58.64666616
39437,58.64666616
39438,58.13222172
39439,58.64666616
39440,58.13222172
39441,57.61777728
39442,57.61777728
39443,58.64666616
39444,58.13222172
39445,58.64666616
39446,58.64666616
39447,58.13222172
39448,57.10333284
39449,56.5888884
39450,56.5888884
39451,56.07444396
39452,56.5888884
39453,56.5888884
39454,56.5888884
39455,56.07444396
39456,55.04555508
39457,55.04555508
39458,54.0166662
39459,54.0166662
39460,55.55999952
39461,55.55999952
39462,56.5888884
39463,57.10333284
39464,57.61777728
39465,57.10333284
39466,57.10333284
39467,57.10333284
39468,57.10333284
39469,57.61777728
39470,56.5888884
39471,56.5888884
39472,56.5888884
39473,56.5888884
39474,56.5888884
39475,56.5888884
39476,55.55999952
39477,55.55999952
39478,55.55999952
39479,55.55999952
39480,55.55999952
39481,55.55999952
39482,55.04555508
39483,56.5888884
39484,55.55999952
39485,55.55999952
39486,54.0166662
39487,55.04555508
39488,55.04555508
39489,55.55999952
39490,54.0166662
39491,55.04555508
39492,52.98777732
39493,51.95888844
39494,51.95888844
39495,54.0166662
39496,52.98777732
39497,51.95888844
39498,51.95888844
39499,52.47333288
39500,51.444444
39501,51.95888844
39502,51.95888844
39503,50.41555512
39504,50.92999956
39505,50.92999956
39506,50.92999956
39507,51.444444
39508,51.444444
39509,51.444444
39510,50.41555512
39511,50.41555512
39512,50.41555512
39513,50.41555512
39514,51.444444
39515,52.47333288
39516,53.50222176
39517,52.47333288
39518,54.53111064
39519,55.04555508
39520,54.0166662
39521,53.50222176
39522,53.50222176
39523,54.0166662
39524,54.53111064
39525,54.0166662
39526,54.53111064
39527,53.50222176
39528,52.98777732
39529,50.92999956
39530,48.8722218
39531,48.35777736
39532,52.47333288
39533,51.95888844
39534,48.8722218
39535,47.84333292
39536,44.75666628
39537,43.7277774
39538,43.7277774
39539,42.69888852
39540,42.69888852
39541,42.69888852
39542,43.7277774
39543,40.641110760000004
39544,40.641110760000004
39545,39.61222188
39546,39.61222188
39547,39.09777744
39548,39.61222188
39549,40.641110760000004
39550,40.641110760000004
39551,38.06888856
39552,36.52555524
39553,36.52555524
39554,33.95333304
39555,32.40999972
39556,31.38111084
39557,31.38111084
39558,30.35222196
39559,27.26555532
39560,26.23666644
39561,26.23666644
39562,25.722222
39563,24.69333312
39564,23.66444424
39565,23.1499998
39566,22.12111092
39567,22.12111092
39568,21.09222204
39569,21.60666648
39570,21.09222204
39571,19.54888872
39572,19.03444428
39573,19.03444428
39574,19.03444428
39575,19.03444428
39576,19.03444428
39577,19.03444428
39578,17.49111096
39579,16.97666652
39580,16.46222208
39581,16.46222208
39582,15.94777764
39583,16.97666652
39584,16.97666652
39585,16.46222208
39586,15.94777764
39587,15.4333332
39588,15.4333332
39589,14.91888876
39590,14.91888876
39591,14.40444432
39592,14.91888876
39593,15.4333332
39594,15.4333332
39595,14.91888876
39596,15.4333332
39597,14.40444432
39598,14.91888876
39599,14.91888876
39600,15.4333332
39601,15.4333332
39602,15.4333332
39603,15.4333332
39604,14.91888876
39605,14.91888876
39606,15.4333332
39607,14.40444432
39608,14.91888876
39609,14.40444432
39610,14.40444432
39611,13.88999988
39612,13.37555544
39613,12.34666656
39614,12.34666656
39615,11.31777768
39616,0.0
39617,0.0
39618,0.0
39619,0.0
39620,0.0
39621,0.0
39622,0.0
39623,0.0
39624,0.0
39625,0.0
39626,0.0
39627,0.0
39628,0.0
39629,0.0
39630,0.0
39631,0.0
39632,0.0
39633,0.0
39634,0.0
39635,0.0
39636,0.0
39637,0.0
39638,0.0
39639,0.0
39640,0.0
39641,0.0
39642,0.0
39643,0.0
39644,0.0
39645,0.0
39646,0.0
39647,0.0
39648,0.0
39649,0.0
39650,0.0
39651,0.0
39652,0.0
39653,0.0
39654,0.0
39655,0.0
39656,0.0
39657,0.0
39658,0.0
39659,0.0
39660,0.0
39661,0.0
39662,0.0
39663,0.0
39664,0.0
39665,0.0
39666,0.0
39667,0.0
39668,0.0
39669,0.0
39670,0.0
39671,0.0
39672,0.0
39673,0.0
39674,0.0
39675,0.0
39676,0.0
39677,0.0
39678,0.0
39679,0.0
39680,0.0
39681,0.0
39682,0.0
39683,0.0
39684,0.0
39685,0.0
39686,0.0
39687,0.0
39688,0.0
39689,0.0
39690,0.0
39691,0.0
39692,0.0
39693,0.0
39694,0.0
39695,0.0
39696,0.0
39697,0.0
39698,0.0
39699,0.0
39700,0.0
39701,0.0
39702,0.0
39703,0.0
39704,0.0
39705,0.0
39706,0.0
39707,0.0
39708,0.0
39709,0.0
39710,0.0
39711,0.0
39712,0.0
39713,0.0
39714,0.0
39715,0.0
39716,0.0
39717,0.0
39718,0.0
39719,0.0
39720,0.0
39721,0.0
39722,0.0
39723,0.0
39724,0.0
39725,0.0
39726,0.0
39727,0.0
39728,0.0
39729,0.0
39730,0.0
39731,0.0
39732,0.0
39733,0.0
39734,0.0
39735,0.0
39736,0.0
39737,0.0
39738,0.0
39739,0.0
39740,0.0
39741,0.0
39742,0.0
39743,0.0
39744,0.0
39745,0.0
39746,0.0
39747,0.0
39748,0.0
39749,0.0
39750,0.0
39751,0.0
39752,0.0
39753,0.0
39754,0.0
39755,0.0
39756,0.0
39757,0.0
39758,0.0
39759,0.0
39760,0.0
39761,0.0
39762,0.0
39763,0.0
39764,0.0
39765,0.0
39766,0.0
39767,0.0
39768,0.0
39769,0.0
39770,0.0
39771,0.0
39772,0.0
39773,0.0
39774,0.0
39775,0.0
39776,0.0
39777,0.0
39778,0.0
39779,0.0
39780,0.0
39781,0.0
39782,0.0
39783,0.0
39784,0.0
39785,0.0
39786,0.0
39787,0.0
39788,0.0
39789,0.0
39790,0.0
39791,0.0
39792,0.0
39793,0.0
39794,0.0
39795,0.0
39796,0.0
39797,0.0
39798,0.0
39799,0.0
39800,0.0
39801,0.0
39802,0.0
39803,0.0
39804,0.0
39805,0.0
39806,0.0
39807,0.0
39808,0.0
39809,0.0
39810,0.0
39811,0.0
39812,0.0
39813,0.0
39814,0.0
39815,0.0
39816,0.0
39817,0.0
39818,0.0
39819,0.0
39820,0.0
39821,0.0
39822,0.0
39823,0.0
39824,0.0
39825,0.0
39826,0.0
39827,0.0
39828,0.0
39829,0.0
39830,0.0
39831,0.0
39832,0.0
39833,0.0
39834,0.0
39835,0.0
39836,0.0
39837,0.0
39838,0.0
39839,0.0
39840,0.0
39841,0.0
39842,0.0
39843,0.0
39844,0.0
39845,0.0
39846,0.0
39847,0.0
39848,0.0
39849,0.0
39850,0.0
39851,0.0
39852,0.0
39853,0.0
39854,0.0
39855,0.0
39856,0.0
39857,0.0
39858,0.0
39859,0.0
39860,0.0
39861,0.0
39862,0.0
39863,0.0
39864,0.0
39865,0.0
39866,0.0
39867,0.0
39868,0.0
39869,0.0
39870,0.0
39871,0.0
39872,0.0
39873,0.0
39874,0.0
39875,0.0
39876,0.0
39877,0.0
39878,0.0
39879,0.0
39880,0.0
39881,0.0
39882,0.0
39883,0.0
39884,0.0
39885,0.0
39886,0.0
39887,0.0
39888,0.0
39889,0.0
39890,0.0
39891,0.0
39892,0.0
39893,0.0
39894,0.0
39895,0.0
39896,0.0
39897,0.0
39898,0.0
39899,0.0
39900,0.0
39901,0.0
39902,0.0
39903,0.0
39904,0.0
39905,0.0
39906,0.0
39907,0.0
39908,0.0
39909,0.0
39910,0.0
39911,0.0
39912,0.0
39913,0.0
39914,0.0
39915,0.0
39916,0.0
39917,0.0
39918,0.0
39919,0.0
39920,0.0
39921,0.0
39922,0.0
39923,0.0
39924,0.0
39925,0.0
39926,0.0
39927,0.0
39928,0.0
39929,0.0
39930,0.0
39931,0.0
39932,0.0
39933,0.0
39934,0.0
39935,0.0
39936,0.0
39937,0.0
39938,0.0
39939,0.0
39940,0.0
39941,0.0
39942,0.0
39943,0.0
39944,0.0
39945,0.0
39946,0.0
39947,0.0
39948,0.0
39949,0.0
39950,0.0
39951,0.0
39952,0.0
39953,0.0
39954,0.0
39955,0.0
39956,0.0
39957,0.0
39958,0.0
39959,0.0
39960,0.0
39961,0.0
39962,0.0
39963,0.0
39964,0.0
39965,0.0
39966,0.0
39967,0.0
39968,0.0
39969,0.0
